100 134 10 10000
13 34
44 87
40 98
6 8
59 68
72 90
35 94
32 37
9 80
39 55
57 70
36 45
17 79
73 87
43 47
77 81
30 70
25 95
8 40
1 80
62 81
14 94
38 49
31 61
55 86
20 86
13 22
47 60
32 80
44 73
33 71
74 77
18 38
85 88
30 82
35 73
4 38
2 9
13 84
15 41
87 93
57 95
27 98
1 54
63 97
6 52
37 77
22 34
48 64
4 18
18 26
33 45
59 91
2 40
32 65
15 96
3 77
19 99
8 51
23 52
70 82
44 56
11 65
15 36
17 55
61 78
4 34
5 88
63 75
28 46
0 10
8 69
64 95
4 5
63 69
12 43
35 76
20 71
75 97
59 60
29 44
76 85
6 40
22 84
90 92
26 48
14 19
23 39
92 99
21 56
23 50
11 61
16 87
42 87
16 72
7 24
50 79
31 54
54 78
25 48
12 47
73 94
28 55
10 22
20 41
0 83
89 90
12 20
46 86
21 44
29 56
24 34
49 74
67 93
72 96
44 93
53 80
3 90
7 67
30 83
80 91
35 58
58 62
36 66
42 94
60 68
66 77
53 79
40 51
23 27
36 60
56 88
36 89
95 97
148 300
85 152
56 99
242 91
148 232
183 241
3 136
207 297
23 149
70 138
126 286
148 185
143 40
76 235
290 161
252 25
298 84
50 31
141 210
290 112
149 1
252 276
93 267
10 25
165 281
72 172
121 204
17 57
91 36
236 234
24 291
125 165
160 119
209 22
124 266
248 184
211 49
180 115
167 200
40 12
40 115
280 9
279 213
112 71
255 252
185 20
119 22
140 70
83 215
179 179
40 50
41 140
15 88
101 94
104 185
70 12
226 257
31 223
215 181
157 88
164 34
139 149
223 154
15 177
54 235
163 157
213 78
278 285
191 77
50 174
4 245
235 12
291 37
259 211
197 133
6 223
232 212
217 117
113 144
65 46
112 121
255 159
31 264
82 291
60 258
206 236
112 2
289 232
206 266
247 56
278 70
134 95
263 109
271 265
287 182
42 199
271 40
18 206
36 76
271 146
