100 127 10 10000
51 74
6 59
4 87
60 74
3 94
50 75
30 61
35 41
5 24
11 97
4 72
27 80
56 96
58 81
39 43
40 98
36 85
52 60
7 31
26 80
11 67
17 89
34 81
29 36
68 89
2 3
22 63
65 79
17 25
24 83
55 75
35 45
57 90
13 57
55 87
42 88
1 8
19 56
27 94
39 71
37 55
25 79
18 23
78 89
48 90
34 58
12 33
48 99
16 38
35 64
36 73
23 62
62 73
71 92
16 76
26 27
65 86
6 8
20 67
49 92
1 15
56 89
0 33
26 41
2 74
53 84
15 23
4 18
76 83
75 82
11 60
13 50
35 70
5 28
9 59
2 51
56 68
30 96
38 53
54 99
39 59
37 91
3 42
47 81
10 69
69 93
32 86
3 88
30 98
29 79
9 14
19 96
46 67
8 14
29 32
44 86
47 49
5 54
7 49
12 95
46 84
22 78
28 97
16 31
20 45
10 93
40 72
13 77
27 66
69 95
2 42
38 84
21 77
3 66
73 85
67 70
44 63
52 74
61 96
0 58
78 79
21 50
14 91
43 95
24 84
10 82
64 80
2 155
144 271
192 90
180 140
153 186
92 72
114 297
13 52
143 292
91 284
44 154
157 30
41 228
110 136
120 271
156 234
35 49
290 270
191 207
268 92
171 11
137 132
280 224
192 267
104 46
300 295
260 46
250 83
139 77
241 272
254 160
9 13
229 234
11 230
39 119
243 14
211 258
119 244
32 3
75 254
213 175
241 39
159 115
68 222
232 182
218 32
131 31
30 70
52 103
0 83
124 156
224 58
162 81
82 10
81 98
103 227
294 132
92 157
5 124
72 291
156 61
290 152
169 272
283 191
278 31
256 230
214 98
150 1
294 95
26 170
214 4
20 277
184 166
199 300
188 61
105 194
59 22
126 102
287 246
261 267
278 56
26 95
83 196
66 55
108 1
226 298
224 203
129 216
157 135
300 215
98 115
99 262
4 255
28 136
228 113
52 198
252 116
128 53
231 153
52 78
