100 127 10 10000
14 75
61 84
33 43
1 23
23 89
36 90
9 17
19 95
26 86
55 65
32 42
18 81
22 23
27 82
19 32
50 76
30 54
53 74
46 60
25 88
14 84
57 79
45 73
39 59
0 56
11 16
62 76
21 52
38 92
36 58
26 51
36 86
74 82
39 94
2 61
42 73
5 62
6 93
63 80
56 91
31 81
37 91
6 80
16 80
83 92
3 30
29 49
48 72
0 98
37 67
32 73
72 76
46 63
10 12
69 79
47 57
52 92
18 55
39 89
15 82
31 40
57 69
41 68
35 78
20 97
17 96
34 62
52 83
28 39
24 69
43 94
8 96
50 89
30 39
26 48
35 64
18 27
13 65
15 54
5 53
32 87
29 69
53 66
1 48
20 31
44 77
26 58
24 78
21 71
71 92
13 81
25 64
3 54
9 95
41 51
55 99
70 88
43 52
71 93
61 75
12 38
34 74
10 85
8 79
22 48
85 97
2 12
4 90
10 92
59 60
65 81
87 98
2 40
66 99
23 28
20 81
11 96
7 84
41 44
17 45
2 71
33 93
47 69
4 68
49 77
7 67
42 70
46 7
216 286
85 115
123 211
248 210
96 298
187 126
83 26
196 34
161 103
99 179
202 80
65 157
3 128
91 46
95 209
214 103
165 65
15 230
114 81
18 188
133 141
165 270
208 259
278 85
300 10
256 289
30 273
236 231
234 97
149 211
43 134
116 43
182 151
107 251
274 39
254 241
23 59
93 143
204 226
41 96
300 252
130 10
155 182
294 150
130 68
210 172
272 63
199 300
268 117
157 250
293 273
143 160
83 277
128 237
5 285
20 5
244 36
239 265
229 193
247 160
69 86
122 287
226 150
245 14
0 84
57 300
33 39
278 196
253 75
160 14
125 119
148 295
145 32
82 241
81 66
137 257
279 136
300 91
221 66
227 120
4 157
50 217
123 181
56 68
67 182
277 255
104 13
217 7
171 235
279 220
3 35
111 155
158 124
188 173
134 90
189 58
41 196
80 5
24 297
