100 130 10 10000
17 88
19 31
41 86
13 50
57 69
24 52
75 76
17 85
54 94
22 76
48 61
30 77
58 64
85 88
46 61
64 72
7 98
5 55
16 92
4 54
17 81
1 14
14 96
28 30
38 93
46 62
52 59
57 70
15 51
6 68
48 89
4 22
42 53
41 56
76 86
84 97
33 92
32 60
33 79
66 98
15 91
66 97
2 87
64 71
29 85
58 73
29 42
5 77
26 78
16 35
11 95
43 49
27 63
33 91
1 21
71 74
6 65
11 25
4 55
31 67
21 39
27 36
67 84
25 90
0 57
45 53
84 99
8 40
12 61
76 82
19 47
41 62
48 54
24 59
18 84
4 94
12 46
46 89
56 62
5 80
15 35
49 52
9 77
10 95
23 83
60 96
32 91
44 95
31 47
43 47
68 79
50 69
37 91
20 28
22 75
34 39
26 66
45 85
0 9
18 67
3 61
2 44
63 81
47 93
50 82
37 51
17 63
25 45
41 98
20 51
38 85
8 81
25 40
50 70
34 74
21 34
10 90
72 80
72 78
14 83
13 51
61 78
23 87
2 36
7 99
68 87
67 73
24 25
3 72
65 87
40 149
183 201
242 271
101 90
48 77
102 112
164 287
176 3
262 214
70 161
199 238
224 217
126 23
17 239
180 227
71 241
27 275
300 14
223 21
269 15
57 184
160 199
9 97
197 265
221 154
247 173
161 64
250 297
95 192
277 119
102 143
243 22
124 238
97 265
140 153
45 265
281 260
73 208
286 77
120 157
290 202
25 8
246 105
242 63
252 233
260 157
96 25
290 51
69 56
216 96
12 219
51 216
188 128
245 141
51 42
59 111
55 8
38 173
194 77
193 171
121 218
119 43
114 6
292 285
166 91
184 285
146 50
226 49
94 291
27 204
7 181
159 132
144 105
214 69
166 178
43 124
1 147
68 137
143 82
136 267
130 134
293 230
6 295
162 247
208 38
291 136
13 29
216 296
293 156
77 12
207 201
97 219
74 277
257 80
17 60
232 251
147 221
176 26
154 4
197 18
