100 124 10 10000
24 63
12 55
5 15
0 17
6 60
30 71
1 85
16 99
50 66
10 98
22 77
35 81
15 83
8 20
16 88
41 62
51 61
71 75
44 90
52 77
19 81
21 30
3 32
62 85
58 86
60 66
6 67
42 90
20 59
73 93
23 72
47 69
29 57
0 8
56 70
83 86
3 7
72 88
49 60
72 98
12 23
14 18
36 66
8 19
28 85
0 74
35 55
88 98
37 99
80 97
20 77
34 54
8 27
64 87
31 68
13 44
43 76
32 50
4 97
9 42
17 74
58 89
89 95
21 48
46 59
23 37
2 63
50 84
10 13
57 75
40 74
38 84
18 47
11 36
5 89
70 94
10 61
28 68
46 79
29 65
76 97
11 73
28 38
67 70
33 48
34 82
23 43
26 69
33 75
51 79
20 31
26 39
43 80
4 83
24 91
22 52
41 52
15 48
6 70
45 85
15 78
87 94
3 95
25 74
9 43
39 53
78 97
45 82
2 65
54 62
54 92
27 77
57 64
25 96
7 32
14 93
1 62
70 91
59 79
84 92
40 96
25 54
49 84
53 56
2 8
74 30
118 238
142 145
263 183
198 185
15 250
147 113
187 10
283 177
248 106
151 176
300 256
255 155
179 240
224 199
231 65
3 47
149 234
225 35
170 42
230 248
114 47
295 75
84 291
7 127
99 190
158 16
91 52
182 265
273 257
147 87
116 135
201 273
37 89
256 5
114 163
279 39
81 89
103 218
20 169
25 16
282 153
297 214
278 131
58 78
195 88
145 210
206 250
43 173
88 120
188 119
100 12
86 262
15 72
294 11
71 248
188 300
194 144
208 70
30 198
228 120
42 40
112 259
159 291
153 262
70 170
14 288
125 69
133 186
42 274
284 296
257 66
186 206
2 209
225 293
280 237
139 38
237 215
175 79
281 201
227 12
54 100
220 166
60 122
58 53
226 144
120 300
233 88
169 159
287 108
65 279
24 115
167 217
35 299
159 131
8 152
256 228
272 83
254 38
