100 133 10 10000
4 25
20 95
58 64
12 89
9 48
18 65
23 44
15 35
23 72
2 19
28 84
7 74
93 95
1 30
23 90
22 30
31 52
38 68
34 94
76 83
12 13
54 99
19 49
73 93
8 50
2 62
10 38
26 27
71 87
32 56
49 67
36 63
33 47
82 85
37 61
16 77
56 80
17 23
43 57
46 94
5 48
64 85
2 14
66 99
5 55
70 90
41 52
10 68
80 92
56 88
10 40
17 39
74 76
43 86
12 29
6 33
14 19
39 51
3 46
17 28
63 79
67 79
78 81
52 70
69 89
64 88
35 47
18 74
33 85
6 45
21 50
0 37
24 34
59 77
34 61
10 81
25 28
6 95
62 89
65 76
1 31
77 89
58 85
33 45
78 92
75 87
1 98
33 82
20 26
11 53
24 61
51 68
22 79
21 74
9 27
52 72
75 94
16 79
86 97
19 77
29 76
60 88
22 98
66 91
62 96
19 96
20 73
49 59
71 84
22 36
7 40
52 66
44 90
15 45
11 57
13 69
4 17
52 91
55 83
10 42
53 67
7 85
32 92
60 84
38 63
42 43
7 8
40 97
50 74
0 87
3 31
31 41
38 54
11 90
187 298
258 189
2 275
57 183
296 49
120 24
163 101
165 63
275 28
166 183
196 225
255 143
297 140
241 225
67 17
266 289
77 184
206 104
278 234
175 16
230 72
200 282
71 217
36 16
40 172
215 37
245 8
57 158
250 109
230 298
82 286
116 138
99 40
0 13
70 50
168 252
35 65
175 228
102 195
168 139
106 287
188 144
201 169
31 222
90 22
16 245
88 72
251 59
252 247
201 52
115 218
90 265
227 201
136 239
283 93
84 129
194 195
143 115
268 261
26 118
46 41
282 194
198 253
91 92
221 120
124 269
214 238
143 203
298 108
40 278
27 140
81 246
219 7
190 74
25 186
223 92
288 263
120 159
222 266
80 158
132 185
142 50
257 89
63 137
135 75
230 179
2 117
51 93
296 178
38 253
92 229
104 172
135 8
1 230
149 31
289 217
205 133
163 280
149 260
