100 128 10 10000
10 35
65 71
14 88
13 16
50 98
31 70
67 71
7 40
2 68
7 50
8 85
51 53
20 80
4 53
15 46
53 87
27 64
6 90
47 55
11 71
12 26
9 28
0 2
79 85
47 65
41 77
39 96
32 73
41 78
5 86
73 82
44 77
1 88
19 86
8 49
80 84
16 19
6 54
72 99
6 91
88 98
34 97
48 88
5 24
89 94
72 83
17 29
12 94
54 56
34 99
1 66
21 67
3 43
39 53
57 91
31 43
57 64
27 76
21 93
0 16
3 84
30 40
21 32
9 30
14 62
52 70
22 99
63 75
29 74
92 97
69 70
17 21
15 42
71 74
40 48
45 56
11 18
8 15
23 71
0 43
49 96
62 98
59 69
12 38
46 88
57 73
22 86
16 38
39 49
24 68
23 63
10 42
36 61
20 69
37 78
76 81
52 95
32 64
36 72
13 89
46 79
55 65
25 51
46 66
35 87
28 86
23 55
33 37
44 58
29 81
64 81
44 60
45 85
60 80
73 93
29 75
61 98
83 99
20 59
4 51
26 80
33 95
51 64
90 92
25 39
32 82
18 58
37 52
88 260
290 211
98 242
25 205
201 28
162 249
209 108
242 251
288 96
190 298
269 11
37 79
26 246
33 292
271 272
299 61
89 297
81 36
21 110
146 272
27 151
78 61
166 215
17 31
128 258
225 86
3 230
171 18
168 297
82 10
221 276
101 210
120 77
137 179
190 174
258 32
240 184
137 218
48 266
235 60
248 300
166 153
292 20
68 233
81 135
265 105
288 169
5 83
293 285
268 60
247 229
190 58
110 191
211 47
206 135
5 48
234 107
155 97
60 103
52 149
39 122
255 206
273 249
31 6
133 42
24 57
273 186
58 74
101 276
50 191
82 177
53 52
214 199
143 128
55 23
188 5
151 11
139 148
169 192
238 153
3 125
110 24
102 86
227 235
8 184
274 135
183 263
244 17
296 254
14 283
185 133
178 75
194 153
90 103
8 261
106 165
246 79
214 175
272 225
191 205
