100 137 10 10000
2 15
32 65
5 35
33 95
14 44
41 77
1 76
58 64
9 19
21 91
55 93
52 65
26 95
68 92
24 46
56 87
21 60
61 91
80 94
20 74
37 70
1 39
6 69
81 82
24 40
61 93
42 53
7 46
5 71
31 68
50 58
35 98
31 91
71 82
4 17
48 80
37 71
29 53
10 24
83 96
59 82
30 90
0 57
23 92
76 96
41 84
13 33
27 90
39 96
25 32
63 98
8 29
23 88
38 90
5 18
51 86
22 85
14 22
8 42
70 81
16 48
59 83
68 77
19 23
36 40
17 97
41 50
4 79
18 27
38 45
24 83
94 96
7 89
37 73
26 42
33 50
3 54
76 83
25 54
88 92
51 52
36 47
5 72
9 34
31 61
52 99
19 31
6 43
28 29
28 36
59 71
10 40
20 43
30 75
36 89
19 91
25 66
29 47
12 62
32 54
3 66
11 79
0 95
27 85
44 64
11 63
14 48
13 74
16 80
11 65
44 48
37 67
49 99
55 77
11 99
57 87
37 81
84 92
54 60
18 71
48 94
73 82
78 86
34 49
41 68
35 72
8 74
52 78
42 56
62 69
45 98
44 97
2 12
67 70
15 23
4 75
34 86
74 152
71 107
24 284
177 175
269 145
277 27
36 243
54 75
6 159
199 280
1 5
284 193
84 280
41 204
184 105
289 300
113 130
234 150
199 24
176 283
15 227
216 239
190 74
222 290
55 3
220 169
39 164
218 61
6 90
1 133
216 131
147 269
234 196
67 196
238 267
243 40
32 55
155 46
244 100
97 117
38 17
95 218
25 138
4 268
175 140
275 119
74 59
1 59
151 124
256 286
112 199
240 222
284 230
6 113
189 194
145 177
44 128
100 149
107 178
78 1
207 213
156 230
48 280
298 127
142 156
259 196
199 171
167 66
127 258
56 242
147 70
172 9
284 59
147 17
2 192
236 122
90 88
132 212
285 250
261 165
132 112
119 51
122 9
90 46
107 267
196 47
252 240
76 127
155 288
44 96
215 101
172 250
134 289
169 195
144 90
50 182
111 80
198 141
279 80
296 275
