100 132 10 10000
53 65
73 76
51 82
32 44
70 74
17 71
0 43
0 54
93 94
6 94
42 85
59 61
61 63
5 27
1 54
69 83
31 47
19 75
31 33
11 49
56 87
10 48
11 87
85 99
82 91
12 86
55 99
47 94
27 98
43 47
30 89
3 92
8 55
45 50
30 84
3 45
17 95
24 50
79 98
55 75
38 48
19 88
32 92
74 97
9 18
15 35
2 78
47 97
6 57
13 93
8 20
68 73
29 40
0 1
21 37
16 57
7 77
1 22
44 80
10 29
54 95
23 89
36 42
28 76
52 63
0 31
26 85
18 62
26 36
9 62
34 83
51 91
14 72
84 98
29 91
46 52
29 76
28 73
90 96
14 75
5 98
2 59
25 73
69 78
4 54
13 37
68 78
46 55
16 60
49 81
50 64
52 58
14 96
35 39
50 71
65 86
22 83
4 95
66 80
12 49
45 64
25 26
9 61
56 81
7 96
38 60
33 47
24 39
40 78
41 84
6 67
47 93
61 84
7 11
72 87
20 87
17 50
18 23
41 83
21 60
53 79
30 98
39 66
27 30
75 82
77 90
55 58
42 88
34 78
67 70
48 60
15 79
175 57
154 78
192 175
110 9
117 50
117 167
275 38
36 197
123 294
152 247
275 116
34 233
57 191
218 16
16 293
118 115
238 45
112 89
126 272
234 275
47 290
189 90
164 96
99 251
63 87
210 194
215 225
105 203
261 186
284 177
129 213
149 6
61 35
19 0
181 151
77 105
246 218
200 41
275 91
41 133
244 132
163 162
231 242
180 7
39 36
90 42
183 267
273 1
228 100
59 228
86 77
277 289
179 247
83 150
153 58
192 294
80 281
269 65
160 267
187 208
234 71
159 225
117 238
186 228
57 67
68 131
26 70
296 33
228 170
205 104
296 60
106 67
11 253
243 198
298 123
242 299
270 204
18 182
210 139
126 146
2 27
79 244
256 281
174 132
147 198
208 247
52 154
35 271
267 239
94 222
2 128
292 245
80 15
238 11
258 24
135 89
0 212
296 11
138 175
214 273
