100 138 10 10000
31 96
52 66
27 63
52 81
56 93
15 44
26 28
34 68
33 61
67 96
1 14
29 74
0 61
15 92
19 49
8 46
1 66
6 58
23 81
47 52
41 60
65 89
88 90
34 69
31 82
0 40
59 92
95 99
32 47
39 92
23 48
35 84
3 6
11 60
24 53
25 58
43 73
18 93
1 47
59 89
4 87
76 97
51 84
2 14
12 64
68 80
39 59
31 32
44 89
10 25
3 10
33 68
20 77
13 15
10 40
11 46
47 56
5 39
24 54
23 66
82 96
45 62
91 95
25 57
28 74
7 77
17 87
58 70
34 80
62 78
53 78
34 45
62 85
78 86
22 57
8 11
42 48
33 34
75 99
8 60
13 94
4 16
8 41
45 86
35 89
30 54
41 90
38 71
28 83
39 65
5 92
18 42
4 41
9 19
33 55
12 20
21 84
78 85
21 73
55 94
26 96
73 75
17 79
25 72
74 83
16 88
37 64
79 82
33 71
14 76
29 32
9 49
66 76
19 29
7 21
21 51
11 70
55 64
71 72
33 69
23 43
1 2
50 95
50 89
17 27
36 49
1 31
7 35
30 40
37 97
42 98
75 91
8 63
75 98
28 36
22 41
10 38
67 82
225 40
116 206
89 186
132 6
82 129
286 134
4 11
216 232
42 94
52 218
139 38
8 70
172 160
229 148
134 192
235 172
109 152
53 156
86 288
44 246
193 181
234 257
72 57
157 254
263 37
106 15
4 212
17 157
19 283
68 249
163 9
66 201
89 240
177 86
223 94
242 236
14 254
134 158
158 62
300 174
180 24
86 98
116 298
203 263
231 196
243 108
13 113
113 248
167 291
20 232
272 225
254 284
138 246
285 11
246 16
172 116
115 268
89 28
39 12
260 174
55 72
183 48
268 66
43 124
153 134
279 200
153 225
1 175
220 66
208 126
15 33
154 102
116 60
216 290
59 280
284 293
158 204
176 233
289 41
62 175
241 63
131 282
29 177
37 265
255 264
277 84
282 114
80 151
124 107
258 208
100 117
284 261
264 153
77 268
190 150
295 223
20 198
160 179
189 299
299 201
