100 128 10 10000
13 64
28 39
81 85
57 98
66 68
24 41
25 90
43 51
77 83
21 82
29 89
35 87
7 64
77 92
51 65
10 77
30 80
5 11
64 80
73 91
8 53
43 50
31 95
39 46
13 35
16 72
48 86
67 74
52 73
46 54
18 71
20 96
73 95
49 99
2 58
75 91
62 97
36 90
96 97
46 60
26 66
90 99
2 37
19 52
41 82
8 58
31 93
3 5
21 25
77 99
18 21
10 27
17 43
1 14
21 84
68 69
12 54
12 98
33 40
0 19
11 62
38 98
37 46
40 66
27 76
32 63
47 55
4 44
23 56
14 44
30 57
0 1
61 84
55 67
28 38
93 95
29 43
47 49
2 27
33 66
34 85
1 31
78 90
7 13
9 13
45 95
70 75
31 45
39 59
15 74
56 64
24 94
44 65
22 83
11 17
81 88
7 87
42 43
49 92
88 98
61 79
16 94
32 61
46 59
4 6
3 43
20 48
9 23
37 60
70 97
11 50
42 50
80 88
8 78
2 89
6 75
36 53
22 50
56 57
72 79
26 71
34 82
63 82
33 69
8 76
33 72
8 34
15 86
239 242
218 243
189 181
104 257
170 241
77 282
166 276
225 63
196 110
271 53
88 176
33 254
258 170
257 31
187 223
0 234
64 0
73 243
89 96
299 260
9 298
109 82
33 210
289 33
186 22
135 85
29 96
134 167
290 232
113 189
272 119
201 271
111 43
19 48
183 76
267 6
116 134
198 201
296 163
272 215
5 90
151 24
88 200
91 223
151 223
244 280
243 196
16 119
16 273
48 125
62 212
129 224
283 283
141 127
218 172
14 143
280 76
295 115
206 145
283 181
217 218
92 28
53 293
124 25
249 62
152 256
38 77
19 164
72 75
60 50
130 258
57 92
23 2
259 297
8 189
150 292
169 155
51 160
168 92
51 30
251 86
215 97
147 63
53 181
90 56
205 58
0 255
207 30
224 115
131 198
129 108
172 299
34 144
196 297
193 3
218 296
30 298
120 300
266 147
93 125
