100 134 10 10000
2 73
52 54
19 95
26 52
69 73
3 57
17 86
59 95
41 51
0 66
64 97
45 76
4 29
59 85
16 84
21 47
59 78
44 52
49 60
24 49
11 72
55 83
60 66
19 32
48 88
14 36
12 93
49 95
94 97
1 93
27 94
53 97
19 60
29 43
44 98
27 71
40 56
18 67
21 74
7 48
57 64
34 43
17 61
10 23
10 89
12 41
13 81
14 35
65 84
10 67
74 79
10 12
42 71
0 35
3 75
3 23
1 25
69 91
46 94
15 91
6 47
68 84
6 95
55 82
2 45
4 43
47 96
33 80
3 17
34 86
51 66
55 56
83 87
85 95
27 46
31 90
81 82
22 50
37 41
93 97
41 99
92 98
5 45
10 18
74 77
27 70
20 65
34 50
70 71
8 81
4 83
19 80
28 89
19 63
5 47
39 58
25 97
9 54
22 61
8 90
32 63
45 47
58 88
16 74
75 99
38 54
7 8
42 59
39 62
13 31
3 67
72 84
30 44
33 62
36 75
27 78
30 52
6 96
22 87
15 76
28 64
16 68
21 79
11 16
53 93
24 37
38 63
15 20
26 43
33 92
22 40
77 84
9 98
65 88
82 174
104 58
269 83
0 125
84 229
223 112
192 113
264 287
239 255
169 191
43 67
240 32
59 84
196 281
43 196
270 162
265 21
0 232
6 37
160 137
289 173
245 71
56 297
25 89
91 80
113 40
99 212
181 3
39 13
57 241
166 261
204 262
174 155
210 178
38 223
62 186
35 168
101 119
124 198
276 194
87 277
57 121
186 57
60 208
183 238
243 113
131 18
223 77
286 294
124 105
23 258
84 150
144 243
56 25
140 218
131 270
117 291
7 3
241 222
142 59
106 147
9 296
220 205
145 187
67 1
294 223
104 170
3 85
286 35
263 117
201 6
200 40
239 10
294 120
263 43
23 138
223 145
291 63
154 31
235 52
200 138
227 296
172 283
110 266
296 7
158 85
4 190
76 256
264 261
21 23
218 238
283 144
189 175
86 47
96 5
145 102
206 65
79 26
196 204
34 118
