100 128 10 10000
5 44
13 51
31 81
23 24
0 42
34 66
1 72
24 32
62 70
64 95
39 82
48 80
7 68
69 97
48 55
11 29
34 79
44 68
14 30
23 94
32 89
9 49
64 65
48 97
75 95
8 11
39 53
16 30
18 84
4 98
19 31
68 90
2 54
10 42
1 85
57 83
14 41
17 43
32 92
0 43
43 65
28 72
25 45
38 88
22 78
85 93
47 58
37 61
16 37
14 71
12 33
57 80
45 48
46 99
37 87
49 65
29 75
10 98
9 60
37 98
6 56
35 66
2 78
29 74
63 87
43 60
20 81
13 50
21 88
7 79
50 51
52 68
26 72
22 52
35 79
71 86
39 47
28 94
15 44
20 38
21 33
18 29
12 39
28 93
91 93
8 27
10 62
91 96
69 76
3 54
64 74
56 73
40 85
4 36
90 92
6 59
23 34
57 59
16 61
20 77
18 40
9 43
38 77
13 76
37 70
63 82
19 69
67 73
57 67
7 15
30 84
51 83
89 96
17 36
23 46
3 32
19 88
49 58
55 83
82 87
26 86
18 41
32 90
6 78
5 25
27 30
32 99
44 53
90 66
67 278
260 262
215 279
136 81
232 143
265 228
163 204
45 95
146 32
101 94
48 73
175 122
290 26
46 190
164 163
73 168
142 55
8 42
244 53
202 41
210 100
245 218
133 273
170 287
222 180
72 210
51 127
89 266
37 33
27 143
256 12
197 267
211 127
118 247
114 218
112 72
115 152
229 76
153 129
4 227
8 158
72 84
110 19
192 175
250 194
164 240
166 77
259 143
174 11
294 4
293 79
225 210
183 149
251 295
285 138
284 254
296 198
177 54
288 224
147 12
99 193
78 104
144 189
50 2
99 1
95 241
295 289
204 221
275 94
84 126
6 205
73 252
275 277
22 18
60 39
288 53
193 76
247 243
135 214
278 158
217 11
135 150
299 113
27 114
44 278
51 225
124 184
250 94
198 290
195 245
112 294
230 262
84 291
110 274
83 24
149 295
240 117
128 116
175 258
