100 145 10 10000
70 94
28 40
11 77
64 80
28 71
10 94
2 59
25 81
3 85
38 50
59 61
36 97
42 82
12 32
19 49
0 9
38 68
8 99
32 48
30 41
1 46
37 72
48 88
32 51
14 28
13 75
0 79
8 82
6 42
38 85
6 57
26 75
11 29
43 64
29 98
7 93
53 59
55 58
34 80
50 68
44 93
37 65
27 37
12 41
43 63
39 60
31 59
51 52
13 59
37 66
88 95
23 62
10 27
20 80
36 71
20 65
20 51
6 8
4 62
15 86
5 84
82 91
66 72
63 76
42 57
63 69
23 61
1 39
35 90
8 42
47 55
42 73
3 40
4 61
50 90
49 79
2 53
19 22
13 53
15 58
18 74
10 70
21 30
14 71
25 56
61 91
17 37
67 79
12 52
57 78
22 85
16 93
82 99
24 78
35 49
36 39
83 86
54 66
43 76
32 46
55 86
13 88
7 49
42 86
58 95
26 45
67 89
5 81
45 84
77 89
21 73
3 50
82 83
47 87
24 57
79 89
18 39
9 16
1 60
26 48
19 92
25 97
2 31
90 97
77 98
33 94
24 80
27 92
17 92
26 84
33 96
3 90
55 87
54 85
0 44
5 74
47 95
77 96
29 99
23 59
34 52
22 54
56 81
3 54
69 99
8 240
210 65
273 198
96 41
261 299
258 17
167 252
16 168
177 273
37 234
77 170
83 290
207 121
299 166
128 67
247 204
61 224
27 110
255 60
19 83
141 111
201 188
51 74
297 266
148 221
217 3
298 93
76 149
120 30
134 299
172 173
259 240
200 95
82 227
163 134
24 8
169 8
90 107
36 50
212 33
100 4
181 150
193 259
113 228
16 219
297 17
232 74
218 147
254 100
4 27
47 19
179 80
175 104
294 195
80 61
223 170
241 5
170 229
253 167
295 228
177 36
272 264
288 287
133 244
109 162
108 141
78 86
63 298
16 45
147 274
40 172
154 44
105 70
190 217
256 39
290 113
113 252
49 265
170 197
2 294
134 161
280 0
212 293
222 259
276 34
59 52
214 212
202 165
270 129
14 271
63 2
242 256
26 135
26 190
70 206
244 129
69 243
136 1
88 267
167 298
