100 136 10 10000
80 82
34 80
2 83
72 75
30 33
23 94
20 91
23 60
3 82
4 66
15 76
4 93
33 95
46 62
2 98
49 80
64 70
74 79
45 49
54 74
79 91
56 85
28 47
26 71
5 78
62 92
24 80
45 94
39 64
46 92
7 37
16 49
56 75
21 76
56 81
9 15
3 55
13 41
50 84
17 91
29 62
12 44
24 34
50 90
39 42
14 85
55 57
10 86
81 93
16 19
50 69
18 81
25 58
58 82
21 96
47 51
7 25
28 64
45 73
6 33
6 20
41 53
12 88
0 80
52 81
13 36
11 88
78 83
59 83
1 80
5 27
54 79
68 87
3 8
52 70
43 50
44 77
65 84
39 72
38 47
48 82
57 89
14 65
5 30
55 59
20 74
11 29
48 86
42 70
69 96
21 26
8 57
38 64
19 68
31 43
49 87
63 85
37 98
34 71
22 60
1 24
27 89
1 15
16 53
26 34
5 89
13 43
29 51
14 66
21 67
9 21
29 97
64 95
58 99
66 81
35 97
16 45
26 67
35 60
43 90
22 73
11 32
78 98
18 93
16 36
6 95
17 95
56 63
31 41
40 46
61 95
50 77
30 61
0 99
32 40
10 58
278 164
266 130
206 235
288 253
198 155
162 264
60 278
219 217
275 285
197 117
245 212
63 104
49 69
134 32
181 102
217 132
188 2
10 265
154 195
232 21
85 293
228 85
15 27
76 33
274 97
219 183
250 51
187 290
45 234
4 103
128 251
96 3
68 129
93 260
276 74
33 51
175 40
204 203
29 177
72 160
51 150
149 9
99 176
120 13
81 92
54 0
33 135
4 199
288 218
296 0
114 63
1 245
116 189
168 19
134 296
242 256
133 132
257 299
247 188
210 278
39 31
107 229
9 134
127 108
58 199
163 81
176 131
244 72
253 7
148 62
115 209
274 40
94 129
24 9
117 270
110 158
251 93
105 92
175 242
105 300
295 139
139 177
299 179
200 259
144 88
150 117
243 236
281 21
9 80
166 292
85 56
6 289
18 154
193 180
75 5
61 252
177 62
6 55
180 218
233 164
