100 125 10 10000
39 75
1 42
14 66
3 45
32 44
65 96
52 93
24 28
46 78
45 82
19 78
12 41
66 85
12 95
38 60
11 89
76 89
5 6
34 59
40 56
0 71
47 53
24 50
39 96
37 55
61 81
38 72
4 84
4 49
18 64
20 37
2 57
28 46
73 77
70 94
9 28
16 33
49 89
76 83
38 99
30 42
68 91
13 88
61 64
89 90
10 87
8 53
9 73
1 99
62 73
13 25
26 88
47 48
30 46
10 57
21 81
17 48
15 44
79 85
17 84
27 47
83 90
38 93
23 70
14 96
3 52
33 71
68 92
22 75
40 80
67 69
50 77
12 34
5 21
41 63
3 60
29 78
19 29
15 69
20 55
43 47
46 72
25 75
76 91
23 80
6 87
20 33
54 63
36 73
1 56
51 65
7 36
2 79
19 35
26 39
20 67
41 95
50 82
14 27
44 95
7 97
75 86
13 86
1 35
43 74
58 98
18 81
37 97
4 98
31 39
2 31
45 93
8 51
49 94
16 20
11 49
62 95
74 92
54 81
61 63
6 98
22 32
4 58
0 9
2 59
12 118
34 254
190 85
112 199
239 225
193 186
192 162
92 22
270 74
47 115
210 127
200 267
134 91
221 6
262 105
122 1
10 18
291 195
135 190
45 297
23 49
155 206
141 37
145 236
61 131
157 7
247 16
283 118
37 156
13 270
5 205
216 56
131 63
3 44
152 59
67 290
74 58
38 65
56 221
227 37
145 273
95 104
8 237
291 252
112 48
87 166
2 162
293 154
262 175
195 221
98 132
289 57
87 204
297 101
173 145
19 77
77 267
182 119
249 196
163 85
83 230
146 161
91 79
141 121
126 164
258 51
259 128
59 6
156 297
79 3
172 227
4 93
29 202
62 86
278 269
190 32
210 289
76 115
9 294
227 94
91 251
170 167
113 148
254 271
263 216
233 144
198 10
212 148
274 11
223 246
244 253
182 285
269 294
45 187
174 247
114 86
235 72
69 24
222 185
66 246
