100 130 10 10000
19 32
48 86
46 83
1 27
1 19
83 87
30 70
54 69
49 93
7 80
65 79
19 66
10 87
27 35
23 51
18 22
31 61
70 95
12 69
52 86
2 63
11 96
74 94
34 60
9 32
34 37
5 31
78 80
25 46
56 81
38 58
26 34
1 47
15 63
30 71
40 57
1 64
28 48
53 91
14 18
16 58
0 92
20 63
17 44
31 56
65 91
75 80
20 93
76 91
77 86
55 59
8 53
42 70
64 66
89 99
88 98
11 55
80 94
30 33
33 75
35 44
28 77
67 76
25 96
28 50
48 51
33 97
47 73
60 98
24 62
59 95
40 76
55 96
3 14
21 90
55 68
49 81
82 90
9 54
42 87
59 84
3 12
26 37
33 36
33 71
6 92
12 41
59 68
38 88
45 53
15 35
43 86
10 90
24 60
67 87
1 82
10 21
1 73
2 51
41 99
22 72
29 34
4 58
13 89
23 48
0 7
79 97
6 17
16 54
57 90
0 8
35 73
4 14
52 74
30 85
40 45
29 98
39 76
5 37
59 85
39 65
56 61
25 72
18 62
36 65
50 81
43 92
30 84
13 22
75 78
75 255
130 88
55 167
276 90
262 64
83 53
87 209
65 283
125 257
189 26
202 163
255 223
251 86
213 126
281 53
58 112
240 41
81 168
296 110
158 64
33 99
179 165
253 137
47 203
259 7
285 184
89 20
88 99
1 229
131 26
227 284
68 27
206 78
189 282
109 16
77 131
169 273
109 40
237 10
163 221
133 179
266 111
226 220
69 200
103 151
112 190
261 162
139 110
16 186
21 81
11 42
32 169
49 256
105 236
221 56
291 213
53 57
142 140
257 28
283 267
125 0
40 21
284 16
11 145
128 66
170 246
148 38
170 190
277 234
241 67
224 251
209 300
300 160
113 112
33 270
139 299
146 204
17 245
148 267
207 229
111 291
25 60
160 88
239 166
254 279
245 300
43 225
210 201
217 9
210 104
188 115
140 227
77 234
65 75
35 293
251 253
249 193
191 251
150 17
233 110
