100 135 10 10000
84 97
61 64
18 55
78 98
27 50
8 33
71 72
15 93
62 77
93 94
0 86
63 91
9 36
3 11
16 54
67 97
67 93
57 79
33 83
52 76
24 48
2 52
0 57
26 74
4 53
28 52
51 83
70 97
75 77
35 86
2 51
1 69
7 92
10 36
0 79
35 89
29 48
44 56
13 46
8 48
12 61
54 64
71 76
14 92
25 33
1 99
25 95
23 95
53 72
13 31
60 73
7 56
25 62
77 96
3 16
66 98
49 80
23 25
26 76
20 68
43 73
26 71
21 65
12 33
26 83
20 96
30 31
7 66
73 79
28 72
86 88
24 38
17 73
69 80
69 99
10 37
13 81
3 90
21 54
27 87
58 75
8 91
81 87
58 99
42 49
22 36
6 8
37 77
40 53
82 90
69 89
34 84
5 59
12 23
39 41
32 55
38 39
75 96
29 64
3 82
61 63
42 59
47 51
60 79
64 65
52 72
45 52
70 87
19 28
55 85
10 68
11 70
4 96
78 87
41 46
88 89
34 70
13 85
25 74
5 45
18 30
44 86
16 38
6 47
9 53
0 7
28 40
17 79
67 82
32 43
22 26
21 94
14 50
19 99
15 21
66 244
18 102
166 116
232 183
69 68
90 142
190 111
79 278
220 95
94 20
63 9
205 202
229 57
163 205
126 287
298 295
254 166
74 198
115 234
69 127
48 24
299 241
192 11
256 35
217 119
222 38
154 37
169 267
94 105
281 130
107 254
152 238
99 174
203 57
221 274
16 230
131 5
27 20
203 163
194 132
88 85
155 157
36 152
55 175
38 294
135 143
130 176
195 81
245 132
28 187
156 283
166 87
117 121
102 56
293 152
114 201
58 264
89 221
52 102
69 151
29 210
267 55
223 2
266 96
298 91
300 58
109 299
262 235
64 48
1 124
230 251
131 43
109 75
49 203
184 32
19 81
146 86
15 2
193 267
68 221
5 178
189 183
233 213
181 58
250 289
134 204
31 263
187 213
11 286
8 249
257 200
254 73
99 274
279 248
278 218
249 3
27 59
260 269
228 297
47 129
