100 127 10 10000
22 35
2 25
38 68
55 98
51 56
22 56
37 77
50 56
53 81
62 74
5 61
20 34
58 70
0 65
57 78
12 78
70 98
64 91
9 87
67 76
58 86
38 71
36 79
18 24
49 75
70 86
10 74
45 61
50 74
2 80
35 38
3 60
48 55
15 54
22 51
65 98
51 80
1 89
4 93
41 76
62 78
0 88
19 37
88 96
8 14
75 97
33 46
34 81
53 89
15 18
16 84
69 77
90 97
29 89
48 95
17 26
72 91
6 93
66 88
11 59
1 48
11 67
40 76
9 32
10 85
43 72
13 85
5 82
24 64
16 52
4 28
23 57
47 70
3 12
77 78
28 73
67 99
46 71
27 60
83 99
25 35
6 31
65 96
35 94
20 36
17 33
59 83
13 95
60 68
42 87
7 66
19 41
49 91
37 69
21 73
58 64
23 77
63 64
45 97
7 36
37 41
30 75
74 79
8 73
20 29
27 92
14 44
17 82
44 83
42 45
3 92
32 80
41 84
61 90
30 43
26 83
51 54
47 98
30 97
56 94
40 97
35 39
43 63
38 39
16 31
8 52
21 44
37 42
48 121
168 226
188 101
224 31
216 287
248 52
88 33
230 124
122 280
93 93
284 250
195 81
56 147
278 141
61 192
271 92
230 253
81 211
223 7
95 52
225 145
132 173
198 29
42 210
134 196
240 206
167 148
220 73
65 79
82 299
243 88
106 246
212 267
60 55
158 176
130 53
137 3
200 179
181 199
286 287
276 0
166 251
91 260
259 177
150 274
190 249
5 179
13 144
35 276
97 131
113 202
255 113
30 85
81 172
26 116
110 169
180 60
20 234
245 234
186 135
184 272
143 96
96 225
54 240
9 24
72 0
284 162
210 160
138 32
1 216
220 188
62 292
204 124
119 101
34 300
293 120
178 36
162 72
113 81
125 221
44 68
243 288
271 211
270 68
78 108
1 271
145 244
36 16
49 99
169 294
57 261
152 118
254 11
130 147
39 179
18 5
114 299
2 73
279 190
