100 133 10 10000
60 78
24 81
36 81
6 66
25 43
8 91
49 68
65 91
28 79
39 97
60 88
4 99
28 66
8 29
54 66
61 74
72 80
40 98
12 19
70 80
20 78
38 67
26 45
39 90
76 95
1 11
8 22
3 12
77 92
70 72
55 82
1 9
31 52
4 58
18 94
21 36
76 85
65 72
16 96
16 97
26 37
33 81
35 44
22 34
46 83
30 53
53 73
12 40
9 35
48 69
48 91
51 79
17 43
65 69
11 80
51 84
57 85
42 58
52 62
50 67
14 27
32 64
32 42
33 56
26 86
56 87
29 93
21 81
5 82
33 96
9 11
1 31
36 85
45 86
85 95
8 93
22 72
31 44
13 58
38 41
50 89
15 25
27 74
55 84
49 99
49 62
3 19
30 34
28 51
0 53
57 95
23 28
7 33
5 62
2 90
0 18
3 47
77 98
8 71
41 92
0 16
23 79
22 93
17 21
71 91
54 68
51 66
3 73
2 19
14 62
47 73
33 75
10 95
34 46
4 10
19 59
63 75
26 87
24 36
7 75
59 88
37 94
22 83
13 63
6 68
15 16
20 97
5 49
24 64
60 77
63 86
12 89
9 61
81 117
293 290
60 152
51 178
271 97
294 201
265 142
189 57
165 249
210 290
293 60
50 295
26 192
224 116
254 215
93 46
86 70
141 24
116 127
38 157
40 21
152 3
111 212
183 186
195 37
86 25
167 158
234 229
211 180
180 222
99 173
244 280
216 69
138 67
90 215
222 269
200 5
138 131
13 255
41 80
1 182
17 292
236 46
114 4
255 253
217 156
114 191
66 200
151 287
298 117
51 236
249 193
272 277
95 151
237 144
281 172
148 98
238 19
234 85
39 123
21 66
188 288
299 260
206 97
220 31
109 259
241 167
44 263
255 112
125 283
65 267
164 271
80 234
77 174
205 252
185 94
284 15
1 131
17 29
213 211
90 277
167 36
292 152
145 189
271 201
257 1
205 137
162 122
17 95
44 211
60 119
137 263
0 237
164 204
122 168
264 46
117 92
67 62
12 162
292 92
