100 137 10 10000
0 9
7 89
40 75
2 99
11 34
24 44
74 90
84 90
30 39
66 72
3 8
35 60
57 98
20 55
60 68
5 23
48 56
30 78
15 72
57 96
36 96
14 19
7 16
34 86
4 59
35 75
2 12
52 56
38 98
64 68
25 44
66 87
6 13
41 67
2 73
68 94
58 78
84 95
67 90
53 98
26 55
44 45
36 41
63 81
18 42
20 94
50 71
10 92
51 61
42 71
27 44
35 92
4 77
53 57
22 62
2 84
67 71
30 82
49 90
41 42
17 41
16 96
42 67
62 91
70 88
21 47
15 73
48 93
40 80
60 64
69 96
17 36
63 75
43 97
32 88
35 87
51 70
12 48
28 87
33 66
56 99
16 69
65 85
23 52
1 31
5 52
19 57
65 76
18 86
44 54
43 82
3 67
38 61
28 33
25 45
35 66
29 72
26 97
22 89
24 54
34 65
37 86
18 93
21 62
24 92
46 98
29 66
33 83
18 50
18 37
80 81
52 85
13 31
76 85
78 83
82 97
74 79
9 31
47 53
9 25
46 51
40 87
27 79
0 31
23 58
39 78
75 87
14 68
41 89
8 84
31 59
10 77
11 65
1 15
49 95
32 91
6 74
97 287
133 232
192 263
277 279
85 225
182 201
156 274
241 44
272 254
78 252
77 200
246 111
204 241
133 285
0 79
156 205
239 3
298 0
269 186
12 16
20 44
218 36
268 94
186 152
41 233
57 247
71 38
23 300
111 94
135 162
141 98
121 250
197 63
114 136
287 133
55 176
290 29
292 172
89 28
171 73
74 115
299 107
298 203
92 86
3 272
64 276
159 20
210 12
249 241
184 289
264 220
150 42
223 172
181 9
4 245
52 20
208 219
31 4
181 129
103 213
6 171
107 37
232 78
17 126
2 194
235 143
106 158
298 269
4 104
258 17
168 51
288 229
104 181
164 233
150 300
46 145
222 120
65 220
184 107
78 294
48 83
39 113
127 73
162 122
222 262
201 134
246 163
92 134
196 38
271 67
265 299
193 85
44 198
234 198
24 76
217 282
273 1
92 56
135 14
186 228
