100 135 10 10000
82 87
25 54
17 68
2 32
19 58
61 75
24 79
47 70
26 48
78 89
26 96
66 70
84 99
14 35
65 81
24 90
3 36
7 65
23 92
69 82
26 66
50 74
59 88
17 43
2 89
8 71
42 47
64 86
5 38
27 43
15 96
41 73
18 87
8 80
22 64
19 84
9 87
40 75
18 39
5 8
3 55
38 62
14 63
37 40
2 58
90 93
13 39
4 97
24 74
14 15
2 29
35 91
56 92
6 69
30 36
53 83
0 14
58 99
42 67
36 72
52 86
11 77
0 91
39 94
28 54
35 55
25 40
16 69
57 86
80 90
63 76
52 64
45 94
40 53
56 58
55 60
13 21
2 99
21 72
7 21
24 29
28 33
18 34
11 62
65 94
41 94
88 98
17 20
58 92
27 95
27 72
30 81
33 81
67 95
13 20
68 85
16 87
24 92
53 75
46 71
21 65
23 58
10 68
12 22
49 97
37 75
31 75
60 61
29 32
45 73
62 98
40 83
4 26
34 85
25 37
51 76
44 74
62 68
10 38
1 76
6 59
57 77
78 99
38 44
17 46
43 95
9 31
1 15
9 73
12 50
35 49
48 51
37 60
58 79
29 93
30 14
28 104
52 229
90 66
100 115
165 232
293 185
143 54
133 212
279 91
190 218
283 232
219 279
167 136
27 37
41 85
263 148
187 190
252 122
9 293
189 169
163 106
237 252
37 295
96 275
218 30
68 143
142 134
186 64
89 238
137 25
284 54
81 204
175 29
235 155
68 39
120 48
188 9
197 238
204 139
240 13
207 114
80 161
149 171
162 265
200 95
159 210
58 202
29 139
73 81
191 268
5 115
194 295
261 41
218 62
88 33
62 270
263 283
41 266
262 193
102 14
73 9
235 228
9 17
240 284
176 90
15 171
117 132
206 202
290 149
27 192
127 181
113 98
229 100
165 289
286 8
5 71
269 251
2 216
69 245
140 269
163 50
293 126
241 33
0 270
212 165
298 300
276 114
232 180
25 212
109 235
52 14
61 293
110 210
184 114
111 160
71 109
93 86
229 203
25 246
