100 128 10 10000
46 90
9 52
70 82
21 24
45 47
35 75
3 45
17 92
55 88
57 89
4 82
62 69
96 97
44 82
72 82
24 60
74 78
41 53
9 87
58 93
27 71
25 85
46 97
41 51
34 89
16 22
42 95
26 62
41 99
35 90
26 56
24 36
3 10
19 36
68 93
15 86
38 46
11 73
2 63
31 79
16 99
40 59
63 77
48 64
63 96
18 26
2 31
48 55
21 98
13 56
32 97
68 75
1 46
12 61
30 91
53 71
0 53
28 40
47 81
6 67
78 82
44 98
7 22
9 40
27 30
67 82
33 91
4 95
77 79
7 49
59 87
58 87
34 93
12 58
20 84
67 76
25 43
29 42
10 29
13 94
74 88
48 69
61 62
14 21
3 11
39 96
19 60
20 28
8 25
5 30
6 33
9 65
32 66
44 70
76 98
80 87
36 62
64 69
92 95
77 86
37 69
90 94
43 97
17 42
66 77
85 93
14 37
65 82
38 90
52 81
23 84
8 50
23 31
0 99
1 85
5 95
58 80
4 72
35 83
39 57
12 83
18 61
15 49
50 93
54 84
4 73
51 53
16 54
64 23
292 182
261 71
109 59
92 148
19 134
25 200
102 9
254 155
177 117
73 60
89 75
210 220
252 273
89 275
237 3
100 39
46 96
194 278
17 278
190 68
76 259
124 16
200 39
40 266
277 142
227 293
19 157
226 95
55 78
73 173
232 65
297 26
33 178
219 144
236 245
25 300
74 293
300 275
280 88
204 106
37 8
27 86
281 108
86 227
124 91
293 210
151 63
127 270
186 14
234 158
12 30
145 135
42 48
142 36
150 263
248 293
249 106
195 200
196 136
9 235
184 248
173 290
273 50
146 288
159 159
282 7
64 213
233 212
106 290
113 222
1 60
115 135
98 98
163 235
271 207
40 237
252 22
148 210
241 41
169 183
161 101
99 177
216 250
160 25
262 185
228 22
181 159
133 236
240 126
289 248
51 187
66 98
221 195
284 289
28 114
293 48
300 135
64 235
81 4
