100 129 10 10000
44 84
14 61
27 31
25 43
14 45
4 9
91 92
30 61
63 71
56 63
28 45
23 72
6 92
2 10
82 88
41 99
21 35
12 84
51 61
66 75
12 69
22 96
59 87
55 98
6 53
79 83
43 83
65 71
66 83
27 34
84 99
21 93
81 87
60 90
2 97
47 77
39 53
10 52
16 64
83 85
0 28
6 24
3 89
14 18
37 64
40 76
37 68
32 58
1 47
49 86
35 99
13 71
32 95
53 57
39 94
34 78
60 95
59 85
35 90
51 58
12 39
65 82
16 72
75 80
11 74
17 92
25 41
24 88
38 61
11 54
4 19
22 23
19 36
39 42
3 32
15 38
12 44
64 67
15 97
29 70
85 87
18 29
8 76
84 94
2 70
66 80
5 34
40 55
7 19
20 55
17 47
33 64
13 81
19 50
9 46
17 75
26 93
14 73
30 60
16 26
39 57
48 69
24 63
12 48
9 62
45 73
36 49
76 78
14 69
16 67
30 38
74 98
5 62
4 50
6 91
42 77
1 53
58 89
56 66
15 33
86 96
0 45
47 79
9 28
20 96
31 52
7 46
8 54
31 68
113 157
47 160
227 83
136 13
187 225
225 155
94 190
127 211
285 227
181 177
268 107
255 243
59 65
56 283
125 92
201 55
282 27
31 183
169 107
160 234
234 284
228 2
256 288
283 277
111 231
25 11
300 12
246 146
162 156
193 121
178 49
285 159
138 37
233 28
236 183
83 6
138 235
265 82
195 89
46 123
221 220
29 38
13 104
1 55
81 41
157 134
137 188
20 143
98 72
140 272
179 260
158 43
280 136
77 151
283 247
214 257
80 224
77 129
124 62
25 273
173 28
150 86
205 158
96 268
248 66
155 299
40 234
274 63
290 87
97 97
234 123
82 300
299 45
104 133
237 234
54 209
256 191
7 127
218 196
2 155
5 200
38 298
115 297
0 230
48 46
0 269
174 286
8 291
119 260
110 33
194 4
77 204
63 175
278 0
32 67
161 9
206 287
224 51
248 268
44 23
