100 131 10 10000
27 52
3 19
15 53
69 72
1 21
2 86
6 36
26 35
42 68
28 88
53 74
29 79
14 45
24 85
37 82
9 86
66 72
96 99
22 60
2 17
22 32
17 93
34 47
18 85
66 69
35 37
8 40
17 63
4 10
71 72
22 36
64 76
1 41
11 96
55 58
14 98
46 77
25 93
74 87
30 32
7 16
56 72
31 44
9 93
1 50
33 49
5 83
33 43
7 37
38 52
78 81
30 36
40 85
56 64
30 59
73 98
52 60
36 48
3 95
29 90
67 71
30 82
46 94
20 82
56 65
35 89
25 94
11 39
15 26
79 90
22 55
84 87
77 94
6 91
69 96
39 47
20 89
23 93
87 97
23 63
54 62
61 95
39 41
29 51
46 75
8 76
29 95
21 39
29 31
10 96
0 27
31 51
4 58
28 68
62 84
5 92
80 99
27 55
38 70
16 97
45 76
13 28
49 50
31 90
58 83
57 98
15 75
21 81
61 73
35 88
58 91
10 80
33 78
44 68
2 12
18 57
70 88
48 82
19 95
3 42
43 65
54 92
12 76
0 69
13 35
38 67
24 28
5 58
38 59
10 99
10 34
171 220
142 294
41 189
105 109
223 245
280 238
282 158
263 56
134 192
33 244
226 265
180 277
85 190
185 36
89 155
192 5
250 24
29 213
91 125
90 73
233 99
43 298
234 178
18 159
135 113
8 128
212 26
224 204
150 68
60 72
236 122
66 33
213 142
44 278
263 269
187 63
240 144
231 65
180 149
195 299
153 160
174 297
117 75
63 252
89 14
125 158
28 10
278 299
257 128
67 287
99 260
86 38
185 188
286 8
299 117
259 193
95 235
67 127
245 221
215 118
195 164
58 109
273 103
15 187
100 207
79 212
124 263
157 185
131 33
166 241
163 121
137 216
133 244
44 126
294 31
146 5
103 175
29 42
26 267
31 91
247 292
7 296
253 89
248 251
298 79
124 130
59 215
284 52
163 86
201 88
44 59
285 215
287 281
6 205
14 106
73 95
195 256
270 33
71 166
220 291
