100 130 10 10000
34 80
17 42
61 75
17 94
56 88
7 27
58 65
26 82
41 53
2 93
66 99
14 85
62 76
50 73
42 58
35 94
17 65
52 76
4 97
29 64
28 56
44 67
82 95
89 92
49 88
1 81
10 19
22 87
53 64
85 90
19 45
2 27
82 90
6 70
50 77
24 57
46 57
17 58
34 65
51 81
7 93
26 96
40 76
80 83
41 96
31 54
27 47
18 68
28 48
74 79
47 60
14 53
69 93
7 79
28 52
22 95
12 16
10 25
16 28
39 61
45 66
36 68
22 23
33 73
13 20
13 63
3 40
32 63
15 48
89 97
5 58
25 86
30 92
4 6
42 54
62 98
70 78
24 41
64 67
55 75
7 73
49 72
4 44
69 99
38 84
0 84
39 45
40 98
8 45
23 53
56 71
30 97
20 32
49 91
77 99
32 51
37 80
33 36
26 46
31 91
0 85
13 68
9 53
12 32
11 43
26 41
43 58
2 8
9 14
3 61
1 28
37 87
32 78
21 83
38 59
76 98
35 83
4 92
35 71
11 55
72 94
5 22
14 97
29 70
15 25
18 59
60 74
33 74
48 86
21 80
238 20
150 220
259 268
20 236
237 100
67 71
183 116
259 232
256 288
186 18
175 284
59 29
137 193
232 170
232 44
88 287
124 218
15 106
280 123
198 258
199 165
142 142
105 68
148 51
143 31
131 290
89 4
245 250
118 243
149 96
283 68
36 206
167 180
244 191
66 99
93 162
260 155
115 102
290 37
13 299
9 258
158 4
6 148
18 44
213 75
220 299
115 11
236 270
121 269
69 188
280 165
180 216
79 236
171 38
21 165
29 23
97 225
120 36
16 86
287 143
225 252
0 196
44 282
193 190
171 87
37 97
294 298
193 82
236 133
283 267
152 121
109 190
66 166
271 210
220 228
7 26
46 256
300 204
183 145
241 219
106 126
184 241
62 7
120 163
292 17
203 1
159 252
94 90
56 208
261 82
10 2
47 177
277 102
276 243
47 145
85 30
138 10
240 63
24 279
295 232
