100 129 10 10000
24 37
29 33
38 72
12 85
55 57
26 53
22 88
44 86
0 12
92 97
3 59
10 29
4 52
29 44
15 24
5 14
19 70
33 87
12 40
61 89
16 50
1 42
17 65
20 46
9 30
5 42
38 39
0 78
6 44
42 61
27 37
77 82
34 78
53 59
86 96
47 72
43 63
27 48
51 97
16 92
6 81
45 62
55 69
49 80
61 66
81 89
62 68
32 60
12 19
13 30
31 54
81 96
27 49
40 73
21 75
2 60
71 79
2 69
75 99
64 68
24 41
19 85
53 76
4 11
13 36
4 34
7 98
17 30
48 98
1 5
8 47
16 35
86 95
7 46
6 86
27 80
20 84
10 44
8 51
17 64
52 67
25 89
21 28
18 42
56 72
8 72
25 65
39 77
9 91
31 77
71 88
37 49
4 74
79 93
73 91
31 82
75 94
11 28
57 73
53 63
43 70
22 85
58 78
35 99
26 90
14 95
67 74
29 87
67 93
63 76
36 91
15 33
45 83
32 58
50 82
22 59
3 90
27 84
66 83
41 56
16 23
46 51
18 89
23 35
54 99
60 78
13 91
21 94
1 43
94 78
88 225
140 8
165 190
133 58
120 239
152 300
197 147
286 149
18 60
181 260
142 33
62 106
12 91
148 230
267 262
227 75
1 209
120 277
65 146
243 164
175 20
103 181
210 116
287 241
21 272
174 221
237 187
163 57
211 239
0 34
247 26
67 6
241 292
118 26
193 83
34 111
279 190
298 74
270 21
65 69
297 286
91 257
89 198
191 287
49 198
217 138
274 127
211 171
234 235
265 86
250 142
157 88
146 208
224 30
32 2
289 170
34 35
63 26
142 174
103 9
64 259
28 163
107 217
10 152
2 253
49 237
127 99
35 141
214 3
72 175
148 153
290 104
52 53
107 97
204 37
121 194
268 60
100 44
172 151
217 209
10 294
244 51
17 228
264 164
102 136
143 281
248 252
126 139
61 284
194 214
49 90
237 101
150 128
190 54
149 261
128 297
257 112
188 171
208 65
