100 127 10 10000
35 59
26 94
21 41
23 37
63 98
0 9
6 65
11 19
0 88
40 44
20 82
31 75
12 58
16 91
16 75
23 81
49 50
77 97
56 91
24 73
6 64
32 85
6 79
3 42
31 54
51 62
29 30
18 36
19 62
12 98
70 71
3 87
30 39
15 82
42 90
6 10
50 80
30 84
21 59
44 93
37 84
24 34
9 69
27 44
74 77
7 50
29 67
39 81
18 27
35 52
36 72
11 53
14 24
61 98
11 61
6 99
26 96
1 83
57 95
2 64
4 67
23 43
28 94
26 60
50 66
34 73
7 80
42 85
41 79
79 87
28 76
38 76
18 33
53 63
20 88
5 38
12 78
49 80
45 83
25 59
49 85
8 69
66 74
17 46
60 94
17 24
33 37
28 92
51 54
20 47
86 90
15 47
32 80
58 72
44 46
55 68
45 96
56 99
55 78
25 52
65 89
4 10
13 19
1 42
9 77
6 48
29 86
22 24
12 13
43 58
69 88
51 89
8 28
5 97
48 79
12 68
22 95
40 68
57 70
5 14
26 71
18 73
2 91
40 93
1 35
0 82
92 94
73 173
93 266
246 295
141 243
180 193
125 103
213 229
22 218
6 108
80 135
187 216
268 122
256 52
299 88
102 81
5 175
297 264
115 12
164 71
300 147
26 165
188 292
94 41
189 108
113 49
116 299
0 12
158 32
38 95
133 152
171 146
287 186
43 276
158 91
131 80
123 273
186 72
170 119
80 106
191 128
200 6
217 275
89 226
215 90
150 5
20 297
96 1
15 145
188 239
47 252
58 232
225 159
96 295
297 122
260 180
287 2
276 229
66 62
242 67
157 277
10 38
240 108
258 155
271 100
252 263
221 198
50 213
149 168
230 23
33 119
39 20
21 9
220 46
133 40
99 200
298 235
55 81
105 150
257 29
202 258
25 245
214 110
37 189
78 280
152 128
72 250
128 189
159 256
50 163
192 172
144 217
270 276
27 51
193 29
9 88
74 21
1 234
116 130
267 80
242 203
