100 126 10 10000
1 51
0 30
12 48
20 53
3 85
30 79
3 18
16 39
25 93
60 64
28 39
33 73
9 67
58 89
83 88
37 60
44 93
20 52
32 41
20 69
25 47
18 71
35 46
79 92
8 89
1 5
72 86
21 40
42 48
46 57
10 62
4 77
23 45
26 45
15 65
72 77
60 66
7 83
65 94
58 75
2 48
27 92
61 94
29 61
44 58
36 43
32 65
60 81
70 84
83 84
53 65
13 16
12 47
11 62
6 51
57 82
76 78
69 91
7 33
34 87
19 33
1 55
93 97
54 57
22 47
80 97
16 50
81 99
19 75
69 80
0 75
37 68
11 50
4 86
14 81
72 98
24 76
38 88
5 14
36 76
24 79
28 45
31 65
26 35
23 70
9 68
41 56
73 79
2 74
64 91
63 98
59 80
17 51
11 95
10 67
52 90
52 64
37 86
21 85
57 74
29 56
8 96
42 84
40 62
1 17
10 34
15 90
49 54
54 71
27 29
46 82
61 89
29 78
6 55
63 87
59 89
5 99
22 83
61 96
49 57
15 51
8 58
38 43
31 32
55 66
13 95
196 238
0 198
294 138
186 102
33 11
8 32
40 117
249 238
136 234
93 46
150 56
195 82
268 187
243 48
32 50
35 165
226 23
15 177
165 118
219 238
89 175
119 125
235 213
288 23
170 291
213 172
261 33
110 287
173 14
93 257
158 236
43 243
18 244
218 268
124 38
278 64
255 300
72 59
263 271
186 38
130 90
16 290
296 189
226 298
177 186
223 3
263 83
235 175
271 160
214 110
225 62
15 137
58 170
86 200
219 139
12 97
57 269
252 112
164 209
146 179
60 85
102 227
175 81
92 2
71 130
49 221
38 97
127 69
87 74
101 136
298 158
188 128
59 9
197 292
254 143
206 200
145 300
5 2
76 293
175 257
127 166
43 74
279 104
286 220
298 279
149 105
48 28
150 16
267 247
121 218
49 147
104 107
151 265
189 157
68 240
230 82
127 252
158 158
82 22
11 55
