100 136 10 10000
33 35
27 98
14 93
26 81
29 77
59 61
4 24
37 44
39 70
38 57
18 33
21 41
44 80
6 59
31 70
35 93
30 52
34 95
3 35
79 82
29 84
57 67
9 54
1 83
17 83
22 84
45 85
35 47
25 70
26 49
15 69
1 60
27 64
37 89
52 76
15 62
10 96
50 94
48 68
31 54
97 98
96 97
51 64
6 65
0 90
11 40
7 67
28 66
0 89
36 42
24 99
59 90
21 40
28 88
51 86
4 25
13 17
42 60
13 76
54 78
8 83
73 83
26 61
3 24
49 90
10 97
24 58
36 60
69 77
36 86
38 48
5 46
23 24
56 58
1 65
12 98
43 74
22 32
28 60
19 51
63 68
2 41
7 18
32 96
34 81
38 67
8 66
11 23
13 91
9 24
77 87
46 82
6 74
55 72
35 99
41 68
16 74
62 69
78 94
19 22
11 21
43 44
88 98
46 51
20 62
22 87
15 72
27 51
63 67
41 85
73 91
14 35
34 92
15 29
48 67
60 92
50 79
75 80
4 31
10 53
12 64
81 95
61 81
2 52
30 80
43 71
39 81
27 53
55 79
20 56
69 93
73 75
5 81
16 71
2 45
11 47
176 196
41 189
203 298
286 138
221 129
110 116
93 195
273 226
5 191
224 99
57 36
265 169
25 109
42 274
284 33
186 48
89 248
18 273
284 199
96 32
271 78
227 231
95 1
253 140
264 117
217 168
147 163
35 74
25 162
165 43
125 289
193 132
52 1
300 258
96 167
300 57
63 132
184 231
273 297
155 127
209 198
210 265
21 132
138 230
161 231
174 264
88 69
287 161
247 291
150 186
135 90
62 63
148 291
12 54
184 112
180 73
225 74
288 279
245 92
127 190
59 153
126 161
232 44
251 243
52 104
75 216
1 162
261 267
236 274
208 21
177 162
121 245
205 86
71 260
116 216
106 262
51 295
163 12
160 106
162 63
143 258
123 135
110 55
6 225
117 30
207 245
79 89
121 2
2 142
204 222
136 210
67 280
73 179
290 9
157 85
88 137
25 2
12 26
1 104
282 97
