100 133 10 10000
63 92
34 99
32 64
3 26
52 82
14 57
20 43
13 16
36 43
37 95
87 92
25 60
17 39
1 42
4 5
66 81
26 95
0 20
42 51
32 53
4 25
28 53
38 51
41 98
44 75
2 31
26 32
45 48
32 95
19 41
1 40
61 84
61 69
53 95
6 89
0 68
23 68
37 72
24 94
53 72
13 84
78 99
24 77
23 49
51 56
53 65
8 57
36 83
56 61
54 55
39 67
33 45
4 22
31 55
65 94
68 85
2 61
33 52
49 88
47 75
29 30
50 73
19 67
78 90
58 74
16 17
51 69
69 71
17 48
51 98
55 69
92 96
73 78
42 71
34 86
46 73
3 10
28 85
76 91
20 62
64 88
13 75
5 80
70 98
39 97
56 69
40 98
27 67
7 83
77 83
15 70
8 99
11 54
36 62
81 93
11 35
15 39
5 9
44 89
44 84
22 74
14 29
11 79
6 47
27 84
4 74
63 82
18 60
58 93
21 87
97 98
22 25
59 66
7 28
46 60
21 82
10 76
1 18
3 22
35 96
30 80
57 90
50 78
0 23
38 42
59 91
9 80
80 86
24 43
56 84
37 79
12 72
12 43
89 4
263 188
150 200
171 153
223 113
251 120
84 235
45 37
284 21
277 91
179 97
72 159
8 154
111 273
226 20
279 284
134 293
111 297
256 169
223 285
7 11
23 243
201 139
122 33
8 111
218 150
136 114
161 279
66 60
214 37
245 38
135 182
93 87
5 299
284 67
83 192
8 44
85 137
250 207
171 300
289 222
198 239
233 195
0 87
110 245
29 283
280 159
64 249
71 289
115 58
287 113
224 218
9 274
45 99
112 170
152 163
187 222
259 3
200 83
159 28
242 140
157 233
36 10
32 178
120 78
32 120
203 16
188 278
98 23
174 198
284 262
200 166
54 142
300 191
199 112
91 254
142 79
32 78
294 41
108 143
239 90
174 50
5 226
12 69
161 253
68 24
257 77
38 212
95 61
124 224
295 1
149 51
60 180
196 54
10 133
87 117
66 217
248 285
243 259
267 39
