100 119 10 10000
78 92
43 47
50 69
13 21
14 49
45 87
6 61
35 53
11 88
6 87
16 32
9 50
44 51
22 52
24 43
20 81
3 12
19 48
43 62
16 74
5 60
2 3
9 67
44 95
25 93
36 90
25 38
75 92
50 86
47 78
4 84
67 89
48 98
2 97
3 82
53 66
0 11
15 65
26 71
17 58
55 97
45 61
40 58
62 78
83 96
15 66
28 33
34 65
46 99
1 94
27 71
20 44
66 82
41 99
15 18
19 85
79 89
12 21
73 77
39 63
10 35
24 39
41 98
13 82
0 3
31 70
18 23
42 55
31 89
42 73
6 93
54 76
14 88
5 64
57 86
60 71
0 97
64 90
59 84
23 68
8 26
37 80
38 76
32 75
36 37
13 56
49 98
56 68
55 66
22 30
7 69
36 95
91 96
5 8
28 77
12 85
71 84
32 92
46 62
14 98
51 95
4 27
52 74
29 83
34 61
33 53
17 94
34 59
31 72
70 80
1 57
9 79
35 66
17 63
40 69
72 81
7 29
10 54
30 91
91 280
23 89
135 272
88 247
220 80
286 33
300 161
101 65
267 62
63 22
233 210
41 290
92 217
159 216
34 257
183 196
111 135
56 85
191 159
51 237
196 56
111 207
119 110
216 117
18 138
287 267
286 79
238 70
250 281
132 87
131 130
124 34
113 159
246 251
222 161
224 237
242 0
147 0
298 243
53 134
91 84
5 204
181 285
51 164
206 33
265 197
7 167
76 169
29 231
20 278
34 31
231 40
88 117
206 253
266 241
165 269
146 179
21 60
68 105
235 128
295 111
270 123
38 189
31 119
272 18
220 194
178 229
95 27
158 138
51 46
172 16
266 86
176 47
218 286
83 150
122 184
282 222
265 300
71 197
27 7
196 4
174 89
142 239
129 55
254 107
54 211
7 27
298 185
65 267
119 10
253 42
151 107
101 176
297 298
42 70
228 16
156 68
123 298
4 258
3 121
