100 126 10 10000
6 28
49 77
37 88
36 45
22 72
26 31
11 84
83 85
13 22
42 73
62 96
77 92
14 84
42 74
29 48
17 77
10 49
35 52
34 75
48 54
10 91
1 25
15 78
0 69
23 97
62 85
2 70
37 51
76 82
79 81
3 82
34 59
47 54
25 66
20 25
34 80
38 72
9 64
70 88
20 44
54 56
21 59
40 43
2 16
77 97
30 96
11 29
52 73
60 90
0 38
34 58
12 44
6 26
17 71
4 74
35 42
61 98
82 99
68 95
29 50
3 53
28 65
75 80
5 86
28 43
12 95
24 30
65 66
49 79
0 30
13 49
80 89
83 96
7 23
32 40
27 73
14 56
46 82
19 88
39 41
21 39
61 81
62 90
55 76
4 9
19 31
7 8
31 67
35 58
10 33
51 87
25 83
17 79
45 71
18 32
6 94
55 63
74 93
45 78
51 54
53 86
79 89
77 91
8 36
24 82
6 65
63 92
18 64
26 67
70 99
33 57
27 98
15 97
47 50
57 77
5 46
60 88
43 93
5 47
22 27
41 58
69 96
2 87
1 94
27 68
16 37
140 86
30 184
43 27
128 43
136 269
116 5
7 248
277 78
290 109
111 273
172 99
237 37
142 241
166 147
283 41
289 140
12 38
244 153
83 260
0 117
119 175
285 289
183 167
255 104
68 69
81 208
2 160
188 201
13 280
226 16
103 78
37 135
69 241
180 71
266 248
222 288
297 56
16 6
154 126
249 283
49 285
268 275
199 281
77 295
116 207
295 187
89 17
180 15
263 20
197 135
205 26
39 3
213 243
161 38
242 1
154 63
285 4
199 96
244 248
295 266
19 110
223 225
59 119
188 50
103 246
38 238
24 206
46 155
160 201
125 109
36 50
273 188
136 157
165 241
155 284
289 228
123 68
232 111
290 165
226 165
259 205
211 198
107 51
104 156
247 80
75 144
146 13
67 13
4 88
247 186
33 93
206 115
227 65
122 299
4 185
139 192
104 110
265 123
201 222
66 48
