100 129 10 10000
54 67
28 63
3 53
9 46
3 92
64 98
54 80
30 33
10 98
11 18
34 51
61 75
94 97
6 8
74 84
7 86
57 98
87 99
3 29
18 71
27 83
7 97
39 72
64 94
3 37
61 65
94 98
17 87
12 18
43 49
80 82
37 74
0 54
52 93
7 85
13 82
25 72
9 76
14 84
67 80
23 58
25 45
69 81
64 91
34 91
81 99
55 93
62 68
16 94
2 65
46 88
15 47
70 86
39 86
21 52
31 43
22 72
9 66
12 41
36 97
1 44
21 96
42 56
38 78
48 69
17 49
48 93
7 16
36 76
59 85
38 58
0 42
79 99
7 70
23 30
38 95
2 38
17 68
48 55
44 46
22 66
18 35
13 80
41 75
4 5
28 90
54 90
46 71
63 89
1 73
10 97
51 78
26 80
13 26
27 73
25 59
19 33
52 96
53 65
8 11
14 15
43 60
31 99
40 77
34 95
6 50
40 83
14 47
35 57
17 62
24 32
79 81
56 96
20 50
47 63
20 88
73 77
45 59
45 83
19 67
13 23
46 66
68 74
4 83
31 60
6 29
5 24
89 92
27 32
100 23
73 216
219 85
146 129
20 252
12 289
159 163
240 259
195 166
180 260
256 211
186 184
245 156
276 36
50 72
74 54
279 262
105 188
221 194
205 32
107 209
41 4
141 277
232 54
13 206
76 294
234 14
65 242
124 52
208 147
199 72
30 158
25 227
163 68
300 110
247 176
215 232
126 124
265 88
190 280
90 267
288 146
73 5
30 182
111 229
30 298
163 222
88 74
4 95
57 196
128 184
293 55
23 24
153 94
142 0
29 74
80 26
272 191
249 72
208 300
10 149
223 121
126 158
106 90
298 187
205 102
149 247
183 1
94 154
32 99
231 295
189 205
168 291
97 244
82 124
243 124
188 231
119 279
272 57
28 122
262 0
54 128
281 16
47 254
67 93
278 296
211 272
77 167
155 203
93 107
152 50
300 164
125 98
5 52
297 251
280 111
47 26
263 247
293 214
55 149
