100 129 10 10000
0 40
27 53
8 85
55 56
14 18
25 50
70 86
50 70
16 22
3 92
64 90
0 54
69 72
67 81
26 81
92 94
21 74
14 36
32 60
49 86
36 74
37 97
6 7
22 90
44 48
60 68
12 39
4 59
16 39
9 73
4 31
35 65
48 55
17 19
45 82
4 86
19 77
22 49
61 86
25 80
36 43
89 91
27 97
17 54
30 96
19 35
34 69
38 51
43 51
29 56
14 26
6 84
8 93
33 74
76 79
20 64
15 23
44 72
95 96
6 46
47 82
40 59
62 89
18 54
29 91
77 79
30 80
62 85
87 92
60 63
2 99
4 70
18 76
11 88
1 16
30 65
26 67
63 98
28 32
23 56
9 18
68 69
8 58
8 71
51 57
24 53
25 94
7 73
61 90
13 29
55 78
48 69
46 52
36 38
2 51
44 78
10 52
87 95
5 12
42 44
13 15
51 81
43 61
4 57
21 56
71 90
11 45
58 89
10 88
16 20
27 28
47 60
33 43
24 98
66 90
10 75
1 50
5 34
61 66
3 27
41 83
37 39
41 99
12 42
54 83
2 31
7 84
61 93
75 95
168 255
178 139
231 237
44 130
203 224
115 49
31 275
55 269
281 106
88 300
6 188
21 169
108 87
219 87
280 278
186 69
163 123
112 270
210 300
98 254
199 102
246 22
198 123
199 42
55 54
133 175
278 234
61 99
41 69
224 53
91 204
219 258
17 47
289 174
88 35
69 226
293 199
91 130
262 201
126 131
152 219
240 279
139 78
264 179
149 48
10 140
15 299
14 82
156 1
210 149
156 163
242 206
0 158
85 81
147 260
190 6
229 3
222 217
290 58
179 228
0 7
232 162
241 93
19 18
225 109
117 223
261 135
262 247
76 18
110 2
178 203
245 120
134 11
43 296
300 38
14 242
107 290
68 253
178 31
75 272
132 209
256 227
33 108
199 276
41 239
279 77
205 176
43 190
23 201
266 59
228 137
245 47
53 166
274 158
109 152
46 219
67 205
81 107
38 29
242 255
