100 132 10 10000
1 94
88 99
39 58
11 88
24 74
20 47
53 84
71 95
38 83
54 83
11 49
41 73
8 82
45 64
53 55
30 41
51 91
5 63
2 71
28 99
66 76
16 41
9 91
3 18
51 80
40 81
39 82
49 62
8 39
74 75
28 42
6 14
48 97
16 82
7 37
69 82
4 68
17 53
27 91
12 61
14 97
7 35
3 37
19 87
44 66
32 90
27 59
20 99
5 93
32 65
10 44
41 85
2 84
22 92
54 64
21 48
65 70
42 83
7 81
49 88
7 86
50 88
30 73
56 97
2 34
17 68
9 15
15 43
56 64
17 29
32 95
61 93
36 96
40 79
71 74
71 75
31 71
21 93
19 65
62 77
22 26
18 86
70 74
60 73
74 95
20 67
0 97
26 78
58 94
81 96
38 57
31 84
36 79
69 98
46 87
24 70
21 61
46 61
47 67
60 77
4 17
60 89
25 52
59 68
50 85
52 68
0 63
35 96
38 99
10 78
92 98
13 53
33 80
45 99
13 90
29 33
43 90
3 85
34 36
12 74
57 83
61 75
6 64
1 91
39 72
18 25
13 55
45 47
1 23
73 89
23 76
10 72
172 289
155 6
209 191
72 100
166 98
195 285
113 239
140 150
17 49
281 48
48 40
50 164
253 242
256 126
120 266
262 60
16 102
183 110
99 112
286 298
84 212
180 238
86 81
174 42
284 195
123 82
85 41
194 43
58 258
215 96
22 139
233 171
279 151
215 57
208 221
193 147
184 204
87 134
24 247
7 4
148 208
35 117
56 285
288 92
76 19
76 232
239 272
105 218
136 241
40 182
83 156
260 22
157 75
210 116
84 292
249 97
111 284
7 230
50 0
200 74
3 160
212 244
27 205
226 289
102 257
297 69
98 3
101 185
179 82
37 85
286 244
233 202
20 22
2 132
264 214
231 223
138 26
8 187
59 57
166 218
243 38
117 169
8 81
20 295
216 153
43 144
143 99
275 274
70 173
2 209
276 131
259 1
59 79
199 261
133 1
272 175
159 176
133 289
39 59
48 217
