100 133 10 10000
4 86
18 53
44 57
53 99
48 89
20 69
6 33
5 23
84 85
5 15
31 70
8 91
15 94
2 58
0 94
18 79
88 95
86 96
7 13
7 47
52 76
29 62
79 91
28 46
23 68
4 96
40 51
48 65
11 55
0 58
2 11
86 93
37 92
57 88
0 15
28 79
25 48
2 4
11 59
10 81
29 77
8 49
62 77
17 95
24 88
80 99
68 71
14 40
11 75
60 96
5 34
9 45
43 97
19 52
62 90
5 35
1 22
3 83
7 56
41 72
49 78
6 32
32 34
1 97
43 70
28 91
71 98
17 88
34 83
24 39
30 36
54 59
28 54
36 98
33 82
63 76
6 14
23 64
26 92
9 60
2 16
15 64
19 24
38 76
50 89
32 37
12 26
12 69
2 18
41 74
80 85
55 96
33 51
38 67
84 99
32 61
4 16
27 98
49 66
22 27
45 70
73 88
72 74
47 65
74 81
19 42
7 90
3 13
42 52
66 91
44 76
35 82
34 72
39 50
29 87
49 85
3 56
48 73
83 95
21 50
31 60
30 93
46 67
10 63
59 75
45 60
29 92
38 78
23 35
21 46
20 61
25 89
87 90
170 193
20 251
190 247
139 72
155 239
150 142
47 130
131 33
241 207
114 261
229 108
211 289
9 71
108 69
14 133
142 166
171 275
172 64
233 234
258 35
29 113
290 25
39 220
119 165
223 41
160 0
49 9
1 180
299 249
91 20
84 241
47 289
86 109
51 156
129 116
106 147
56 208
47 67
268 124
240 9
4 158
188 114
292 48
16 291
239 70
80 262
299 7
145 18
192 29
268 186
262 3
25 163
265 59
211 211
263 280
164 299
154 52
218 83
180 225
247 297
104 286
52 101
122 0
241 125
130 192
164 32
295 203
291 127
101 182
23 89
28 273
86 199
152 109
192 50
177 137
220 266
255 89
80 0
294 159
269 250
195 168
208 116
75 158
136 96
214 177
236 155
118 216
102 48
197 74
219 6
113 21
261 226
69 48
91 221
168 161
174 87
139 258
1 276
55 182
194 199
