100 135 10 10000
72 86
20 44
6 96
3 65
59 83
35 39
35 42
14 67
29 41
23 69
55 72
20 48
3 72
21 30
65 77
39 42
13 45
28 67
28 95
76 96
30 78
4 58
51 76
15 66
48 74
19 71
1 12
10 92
24 91
22 97
13 72
20 99
67 95
50 75
13 73
87 96
30 86
54 80
11 54
34 77
7 32
27 38
26 90
19 61
10 86
2 53
48 50
22 57
12 17
8 75
8 51
46 58
32 66
38 81
44 74
3 16
23 56
29 37
38 84
6 87
35 40
34 65
30 79
94 96
89 90
58 83
40 43
17 36
14 27
1 88
37 52
17 89
4 64
51 99
60 96
11 28
0 9
18 31
21 42
36 89
61 95
33 42
20 80
43 68
45 55
12 57
49 85
11 99
18 67
4 61
0 25
26 63
19 97
16 44
60 76
14 81
31 46
3 93
41 69
33 39
19 22
26 47
49 70
58 59
59 64
5 52
12 56
54 84
0 62
9 85
86 98
63 66
45 54
52 71
2 79
45 81
24 25
91 92
6 32
78 98
37 47
10 77
8 94
5 76
26 66
15 37
68 82
28 51
53 92
62 82
80 93
7 15
41 47
70 88
72 73
123 0
29 50
199 49
296 249
143 135
112 231
32 293
81 257
150 273
28 4
225 43
225 221
38 87
250 146
197 171
55 236
279 287
10 61
160 158
107 151
230 255
163 81
83 105
16 126
247 18
276 14
4 206
207 197
164 220
55 173
210 80
185 152
38 267
132 33
291 60
130 78
3 11
49 198
220 178
134 54
120 97
56 150
153 63
106 69
267 268
250 180
203 125
33 176
201 283
71 18
185 269
140 237
69 203
195 29
263 203
285 191
44 118
73 87
178 132
148 108
85 283
127 159
95 5
13 267
117 121
297 28
29 238
170 188
94 52
28 143
59 39
93 196
294 93
279 154
259 291
181 295
114 276
262 50
223 118
181 62
261 238
233 158
114 45
173 108
233 195
49 4
236 78
54 294
57 62
7 108
1 179
169 8
223 21
286 211
131 299
145 179
105 299
66 131
238 102
173 251
