100 126 10 10000
1 32
17 26
61 89
38 46
1 49
67 82
15 37
95 98
40 58
33 96
18 99
22 93
79 89
42 61
10 88
61 78
36 48
40 97
31 44
71 80
77 78
14 75
80 81
15 74
3 51
8 75
54 94
26 56
0 11
20 64
68 84
37 81
30 37
13 62
7 16
48 65
25 59
24 53
51 76
52 71
79 98
73 98
13 43
11 95
14 90
45 66
2 12
48 84
18 22
6 92
3 96
29 30
58 83
57 69
4 40
55 98
13 17
63 81
39 74
40 73
90 91
28 41
27 63
35 56
3 85
12 76
70 74
6 21
40 86
34 82
19 57
19 47
75 86
6 96
13 35
0 61
17 62
72 81
42 45
43 54
14 89
50 91
66 85
25 92
9 10
37 47
56 64
1 34
31 49
68 97
53 60
18 67
26 59
93 99
83 94
16 91
29 77
30 71
61 69
6 46
60 64
53 82
63 87
36 65
50 65
18 88
36 39
4 23
6 38
2 55
21 28
30 52
72 87
2 23
7 70
18 27
8 97
32 44
5 24
5 99
20 60
48 68
9 49
38 41
21 33
17 38
109 86
258 155
54 33
114 54
30 52
270 239
180 53
87 233
26 167
184 173
163 181
80 103
91 18
290 53
46 154
28 282
76 209
255 48
206 203
120 239
277 131
178 19
227 211
31 29
286 258
208 108
236 84
207 244
219 9
180 222
140 250
206 156
201 135
149 20
284 172
294 89
42 238
123 295
226 48
60 255
8 88
255 21
146 136
284 8
181 148
162 119
201 22
110 275
19 256
223 169
12 203
111 34
178 246
289 207
247 2
76 67
262 113
105 205
14 14
233 104
297 138
106 131
269 64
221 282
300 112
29 218
173 100
236 186
3 277
91 159
77 266
182 294
281 291
22 109
49 273
36 131
128 20
140 211
125 159
46 105
195 276
210 300
265 193
39 9
4 224
142 92
8 151
260 258
176 200
74 137
70 159
53 206
176 79
255 212
63 9
69 86
159 44
2 184
42 69
226 237
