100 132 10 10000
52 53
58 76
17 81
26 40
20 48
80 98
32 91
24 42
22 41
5 68
38 56
2 39
7 50
18 54
56 83
30 39
31 57
26 96
15 33
45 83
12 67
10 39
87 98
29 58
20 30
56 81
46 90
21 37
25 53
45 56
33 66
21 97
63 80
5 36
16 19
10 20
61 77
23 93
31 67
20 51
7 32
11 19
54 82
33 36
50 57
43 87
58 89
71 95
66 84
42 48
34 65
37 94
34 74
31 97
10 68
37 66
15 85
33 84
1 98
35 55
75 96
59 65
70 91
27 76
53 55
18 44
3 30
6 28
24 44
80 87
11 27
28 59
14 74
15 32
62 76
11 75
49 79
47 93
35 53
17 41
47 76
29 83
41 77
70 85
13 49
9 35
40 57
13 53
44 88
18 79
0 16
0 7
22 90
14 28
37 84
86 87
8 82
1 85
10 51
89 90
36 64
15 92
2 10
8 25
9 21
21 50
3 24
52 72
41 73
61 99
5 92
55 72
23 60
60 80
69 78
60 63
54 73
83 96
14 78
46 83
62 69
4 12
48 94
6 80
43 98
38 81
43 86
37 64
40 95
71 99
4 72
18 88
140 131
143 9
281 25
280 122
188 245
164 5
40 27
164 103
228 260
226 150
263 48
123 164
170 214
288 184
68 69
136 52
117 96
65 277
261 269
122 140
251 85
212 115
27 268
3 157
298 161
249 250
105 219
94 145
42 72
42 207
290 92
179 178
152 68
174 35
39 117
242 164
214 19
206 72
131 257
296 61
126 186
42 295
268 144
98 35
293 268
62 254
10 240
35 140
237 131
294 215
172 135
273 66
232 238
238 194
253 296
212 192
105 243
143 157
25 192
5 84
2 3
153 287
62 127
6 37
230 47
27 100
186 87
190 205
250 13
76 96
100 55
136 220
189 225
189 298
47 94
97 176
46 182
130 292
102 82
285 243
28 10
95 281
236 284
63 225
199 44
121 27
57 41
57 16
281 290
1 217
5 295
134 79
155 26
24 168
228 84
157 191
86 199
198 150
105 9
174 264
