100 124 10 10000
52 58
65 90
14 18
2 52
4 31
25 37
39 49
55 86
45 74
50 98
17 19
5 76
32 55
17 97
13 28
7 93
44 84
43 80
8 60
70 81
10 49
31 38
31 82
3 50
53 70
56 88
2 56
9 19
29 73
22 87
29 52
0 54
35 91
18 23
15 26
89 97
89 99
61 69
30 45
3 33
9 15
15 25
21 85
59 75
55 91
1 71
45 87
44 67
63 74
29 43
46 95
77 82
36 84
8 59
38 83
58 68
43 58
36 64
56 66
1 11
57 69
7 8
50 80
40 83
33 66
27 57
24 28
79 97
34 44
5 72
53 55
67 75
14 74
12 37
28 35
28 91
16 72
65 92
34 64
61 79
21 42
6 47
27 72
12 90
70 78
81 86
60 91
60 94
11 67
78 88
0 22
33 58
76 97
21 73
51 54
20 31
39 62
58 98
63 64
19 54
5 16
12 96
62 93
37 96
48 77
3 24
13 33
41 46
19 26
40 76
30 51
42 47
6 85
50 68
17 99
4 72
57 92
22 23
10 44
48 83
32 95
8 94
6 20
41 71
139 10
91 198
242 220
263 281
126 138
150 74
127 189
38 228
22 276
279 21
22 190
83 163
254 112
238 270
34 61
275 43
142 105
199 35
62 59
229 17
105 156
175 148
52 12
97 26
225 291
296 62
243 42
198 117
210 256
228 158
31 1
101 125
96 262
255 239
9 152
171 268
39 96
285 84
114 109
3 264
129 87
109 207
157 166
267 163
31 159
14 17
101 227
157 204
69 81
0 181
298 296
292 0
235 199
140 245
160 6
124 274
221 219
235 95
266 198
63 257
98 288
220 44
13 242
0 87
7 127
237 139
233 246
54 183
285 232
237 69
175 223
98 177
162 111
180 175
2 64
68 206
126 29
71 101
193 236
210 76
294 142
170 245
68 138
97 85
32 128
134 160
151 264
12 38
193 209
151 28
262 137
191 298
211 135
5 208
79 277
122 227
280 106
157 49
294 204
185 20
