100 128 10 10000
40 86
77 83
19 23
50 66
17 76
30 67
79 80
18 52
22 26
64 79
37 79
16 33
21 89
37 81
58 60
3 15
8 26
20 44
12 63
10 87
55 88
31 98
37 60
78 94
33 35
11 13
58 70
13 72
23 96
9 63
41 80
6 67
25 57
54 67
20 55
75 90
33 64
15 56
12 45
57 94
29 62
41 49
77 99
51 82
49 71
53 95
16 89
10 54
56 58
66 89
0 99
31 62
4 50
2 41
5 32
2 79
0 23
61 92
40 89
18 34
23 71
8 88
1 12
38 90
42 91
47 97
8 22
69 93
45 68
68 73
43 93
33 50
33 44
3 5
58 85
48 87
61 85
0 28
42 52
42 53
25 30
1 13
9 19
2 59
59 71
23 39
7 99
65 75
34 78
10 72
81 92
19 63
30 38
11 69
39 43
4 33
24 87
6 82
10 48
91 95
25 70
47 83
1 36
14 27
19 73
26 98
14 18
7 26
36 72
17 51
51 74
1 65
27 76
23 28
24 62
46 54
46 74
19 96
30 90
93 99
35 40
8 76
21 33
50 91
32 86
71 84
73 84
29 97
3 235
108 179
50 11
190 16
296 126
200 61
209 204
7 298
258 284
70 123
141 235
76 218
67 177
100 199
255 187
165 26
289 36
220 262
236 167
49 113
284 214
236 35
281 297
7 136
176 267
168 120
241 299
230 239
8 202
121 290
159 167
173 295
196 96
300 3
213 172
225 12
119 209
108 28
134 168
24 175
216 47
67 48
261 138
57 200
298 186
93 128
186 226
70 289
133 254
20 45
287 68
193 252
281 169
240 137
150 211
290 240
143 36
187 146
155 55
9 26
119 56
109 109
146 291
57 141
128 2
113 136
252 75
177 183
94 94
72 238
174 81
15 86
96 230
74 97
164 230
143 118
265 245
44 250
210 139
89 3
70 23
87 55
211 224
70 262
46 68
154 92
215 89
156 249
298 280
254 47
137 144
286 106
107 73
31 234
194 124
253 104
26 150
112 256
212 290
10 265
