100 131 10 10000
5 99
9 26
25 76
33 54
20 88
25 77
23 71
65 77
3 79
5 19
20 28
16 26
25 65
22 35
50 51
14 86
30 44
2 35
1 36
72 81
24 72
74 75
63 91
21 23
42 76
39 98
54 87
56 59
30 75
9 38
86 93
42 62
26 51
4 55
48 71
3 35
38 43
14 93
4 45
13 58
16 84
18 22
57 92
84 99
37 61
2 36
31 54
52 78
27 44
14 88
6 39
10 96
18 35
46 92
47 98
34 59
4 17
2 24
66 89
29 56
38 50
16 70
26 70
8 70
33 60
50 90
55 82
38 73
33 69
80 95
67 77
10 32
13 27
11 63
37 83
66 86
7 49
7 24
29 64
46 74
6 98
1 35
33 41
49 66
66 81
32 79
30 85
29 59
61 98
34 95
31 53
3 28
0 51
25 96
30 74
1 58
39 71
0 15
68 97
60 69
38 51
42 85
15 83
21 68
30 43
58 62
75 97
63 89
28 88
12 90
1 18
82 93
17 64
64 99
40 91
12 97
8 11
19 45
48 98
57 96
9 70
12 23
29 69
52 99
47 94
41 95
62 67
78 87
53 80
40 73
80 94
181 216
137 48
161 47
151 9
283 155
237 127
91 299
207 61
145 151
129 174
16 46
175 142
21 216
132 97
281 53
150 233
204 188
286 191
112 35
268 111
248 20
28 277
63 22
46 243
188 26
68 74
173 193
107 116
175 4
260 201
28 162
181 287
8 10
236 261
291 265
130 26
157 78
139 254
87 184
66 287
118 133
259 285
92 101
53 194
80 158
266 142
24 122
128 282
89 230
180 90
81 208
135 212
231 195
226 293
206 262
297 140
290 225
31 100
117 66
267 231
214 239
115 234
99 82
179 114
248 165
38 36
213 97
95 59
14 240
252 245
176 165
60 264
221 39
104 166
5 129
1 178
62 104
75 44
205 218
35 15
164 299
254 60
297 38
171 250
204 167
53 126
254 92
192 236
286 21
202 123
49 223
145 120
5 107
290 114
114 298
280 296
44 79
1 199
90 255
222 154
