100 135 10 10000
68 78
22 60
64 95
32 53
20 90
28 74
46 89
27 89
26 52
26 43
11 26
59 98
75 80
80 90
25 79
39 84
39 57
2 73
19 78
17 81
0 51
32 67
12 65
0 93
14 63
11 43
60 91
0 42
7 95
47 73
1 71
22 76
48 55
83 92
72 96
18 77
51 62
33 80
26 38
27 50
54 87
5 67
5 18
11 96
29 48
50 57
43 96
24 79
30 49
21 34
83 94
32 86
23 37
11 87
6 95
20 64
22 29
61 65
56 76
17 45
58 86
1 86
2 79
9 96
7 75
6 90
36 64
8 52
28 72
54 86
30 64
10 84
25 74
8 64
55 74
35 68
7 83
19 71
1 19
19 65
2 61
10 59
70 71
14 97
44 99
34 80
46 57
4 79
42 76
70 88
3 95
58 85
16 66
13 41
53 70
7 82
45 62
32 71
44 93
16 88
34 89
23 69
4 24
49 54
47 99
36 49
2 37
8 81
77 92
0 44
12 35
3 7
29 40
1 85
73 79
59 66
63 67
92 97
50 84
15 32
8 91
82 92
2 24
9 72
15 53
20 95
40 56
38 87
25 31
33 94
47 69
31 99
13 21
84 98
41 83
40 286
189 95
62 9
191 279
85 58
252 166
164 285
212 248
120 210
95 100
277 56
121 137
124 30
290 227
236 190
260 69
195 17
80 243
283 193
179 54
127 277
292 169
48 152
32 7
86 31
67 72
135 163
274 151
89 79
17 144
175 243
28 74
230 100
232 271
293 275
137 65
144 205
146 1
172 176
298 5
8 213
267 240
52 238
94 154
2 285
82 272
287 111
16 51
20 121
188 199
263 92
18 299
112 187
240 61
184 156
40 120
34 183
299 88
169 137
256 14
82 180
120 6
69 293
217 166
143 233
147 24
169 4
223 140
155 89
2 32
206 44
210 83
119 86
26 28
67 95
209 289
59 199
266 213
168 71
40 56
248 288
122 236
202 219
241 250
296 65
156 120
192 134
149 144
229 41
294 147
106 295
97 203
231 216
20 258
257 264
174 266
96 121
257 195
276 23
0 119
