100 133 10 10000
27 92
89 95
69 86
55 72
48 53
38 94
16 36
17 18
53 77
43 53
4 60
45 82
46 74
52 99
30 81
44 80
83 99
59 95
16 48
4 24
34 61
10 17
36 99
17 42
57 66
54 57
56 70
68 84
20 38
17 79
48 65
32 40
42 54
45 87
33 90
9 70
13 17
48 78
14 66
23 80
34 75
5 38
17 77
28 50
30 90
50 72
12 47
49 66
36 73
8 45
51 65
62 86
2 11
21 65
7 79
61 75
32 93
27 44
16 60
22 47
10 79
24 65
62 71
82 84
14 59
45 67
12 95
38 97
5 26
1 51
20 23
3 85
26 51
6 91
92 93
73 95
23 98
22 61
45 88
34 63
63 87
2 41
91 96
29 60
6 42
3 76
20 98
25 63
65 78
52 54
0 79
68 72
44 70
2 88
19 67
32 69
70 97
11 32
46 85
15 66
36 64
66 91
3 37
25 37
5 94
13 42
60 64
31 51
18 42
28 39
6 96
22 81
46 71
57 83
9 21
28 76
35 62
55 68
33 49
31 58
11 55
8 82
1 29
56 97
41 84
0 40
7 70
43 48
15 89
50 74
4 58
19 39
13 35
67 176
279 286
21 96
172 23
221 261
55 290
166 120
94 211
14 27
94 271
80 146
46 101
286 129
115 116
241 117
233 141
210 222
133 157
155 168
75 29
29 241
127 257
272 65
4 219
183 256
222 14
90 297
42 185
116 10
287 244
247 60
192 287
32 116
206 52
251 25
146 105
248 197
198 25
32 269
94 45
54 152
28 61
153 144
180 211
63 210
5 4
178 69
299 111
176 234
223 92
131 58
129 297
199 191
151 213
176 172
48 71
61 267
196 140
232 281
271 115
262 216
285 42
129 90
290 4
290 211
151 261
207 122
64 6
74 64
56 132
70 243
150 83
82 89
292 161
155 59
264 43
148 13
123 184
129 234
87 174
37 213
273 89
44 20
202 164
53 47
184 40
93 108
203 2
0 160
248 162
233 42
201 94
8 193
29 167
32 296
260 141
169 96
50 235
1 282
227 167
