100 136 10 10000
52 61
36 39
32 57
46 79
16 56
6 90
13 84
33 92
41 54
17 75
10 26
12 54
51 68
0 9
59 97
20 70
52 68
25 79
73 94
58 79
40 48
21 63
53 95
7 65
10 77
63 68
7 43
34 69
0 41
20 32
58 84
43 50
44 66
51 67
45 83
28 86
56 88
72 82
34 79
67 68
78 97
27 55
49 74
4 56
8 96
32 78
45 84
21 39
25 46
62 83
5 77
13 51
28 30
27 47
23 43
33 75
27 82
42 69
20 72
40 41
71 93
20 27
24 71
15 56
15 23
7 52
75 92
18 80
1 56
2 74
70 73
11 58
21 68
0 85
10 99
4 81
79 81
19 60
16 33
12 49
41 48
31 49
65 93
37 63
87 98
6 76
14 53
30 89
26 77
80 84
9 36
23 98
42 62
67 76
38 67
14 35
41 91
43 96
15 17
1 24
35 98
38 63
8 87
31 74
2 66
21 85
3 7
87 96
59 91
25 80
13 45
60 76
11 84
6 64
22 86
30 37
5 57
12 59
88 93
7 50
2 53
17 33
36 99
64 89
5 48
3 29
67 90
7 18
45 51
61 68
44 53
19 22
55 72
94 95
47 86
29 41
60 155
255 184
184 270
153 153
292 37
44 219
54 11
181 138
171 185
28 142
10 171
225 18
131 230
189 81
204 239
249 204
288 271
235 236
205 110
30 7
60 261
109 110
3 7
215 186
227 160
239 93
31 165
24 246
10 88
125 151
17 48
179 234
81 262
244 269
279 66
228 214
32 113
50 91
85 65
54 116
82 215
103 180
195 7
183 168
200 290
174 46
259 116
2 221
53 183
158 224
197 151
143 64
158 98
222 265
125 210
41 271
295 195
63 235
249 47
108 251
159 1
141 126
162 24
84 86
56 53
217 138
171 287
111 36
127 78
269 28
87 294
267 166
53 300
143 293
141 251
263 237
128 8
24 204
110 286
259 74
216 77
292 103
15 295
136 35
210 34
85 145
0 70
149 205
288 127
37 39
91 18
104 204
287 250
244 144
244 293
221 287
150 175
125 266
186 212
8 143
