100 138 10 10000
13 65
97 99
70 92
67 84
1 62
15 64
0 59
10 45
23 78
71 95
4 73
52 53
7 86
44 53
1 90
13 60
20 95
74 81
2 59
27 78
39 62
18 74
26 39
2 87
10 63
44 59
28 39
7 28
0 58
38 64
30 99
78 88
17 77
15 47
46 67
69 83
24 74
23 88
64 70
57 92
0 1
3 63
10 43
48 83
21 35
30 97
29 54
71 89
7 55
40 89
16 59
68 72
10 14
24 81
22 43
66 88
35 80
10 22
50 88
16 23
62 90
32 45
41 88
28 76
54 57
77 93
3 91
34 76
72 82
21 31
45 51
36 67
75 93
16 78
8 81
44 85
61 72
18 56
68 82
41 46
84 96
42 95
81 98
53 85
17 32
55 86
6 91
38 65
63 75
29 60
39 86
61 99
9 53
42 89
12 38
34 79
21 43
94 98
28 86
51 73
58 78
25 52
50 66
48 96
63 93
6 12
19 83
20 79
2 17
62 79
14 63
83 96
35 72
27 58
38 70
36 84
10 31
11 27
4 25
37 87
46 49
47 56
8 97
5 20
69 84
27 49
9 59
80 99
40 60
11 46
3 33
19 68
50 67
26 62
5 62
15 91
20 37
33 94
85 107
56 104
150 123
280 139
152 228
94 71
226 114
0 100
260 219
95 159
201 213
7 148
210 82
183 64
196 184
248 91
80 145
180 142
294 92
115 267
122 54
211 245
169 216
78 171
290 267
117 247
71 29
22 127
23 12
216 38
269 289
227 228
168 164
294 189
105 1
210 265
15 244
145 92
244 49
46 44
177 3
28 189
167 21
184 248
130 170
171 186
8 179
279 78
118 291
25 167
31 224
150 176
96 247
105 206
235 4
26 64
288 37
261 6
61 125
120 145
194 35
186 291
67 72
249 179
266 62
201 55
72 205
5 202
164 253
36 249
266 32
119 27
170 278
149 208
298 233
227 139
79 1
195 124
56 158
95 38
232 266
271 240
152 291
77 267
0 265
132 190
22 44
124 97
54 191
142 1
44 85
264 110
242 23
209 157
265 192
143 54
41 283
258 258
286 216
243 291
