100 135 10 10000
58 63
35 72
29 58
15 46
41 49
5 82
50 82
20 52
43 51
37 46
35 82
48 57
17 41
28 96
2 57
84 86
0 23
35 69
56 60
55 67
20 36
16 24
79 84
53 95
50 71
4 82
10 90
18 89
26 62
47 61
33 96
39 76
54 90
56 75
37 44
40 95
13 86
21 34
60 88
27 75
31 67
45 53
7 76
38 46
66 76
18 94
12 85
59 72
8 60
1 67
23 58
3 39
55 68
31 68
14 99
65 87
18 48
84 99
13 81
55 70
55 59
67 77
29 97
72 98
30 48
15 42
9 73
6 74
61 76
59 98
4 79
27 33
1 65
62 92
16 63
20 66
36 51
14 26
24 28
41 68
6 30
18 49
9 25
38 78
44 73
40 53
23 47
12 42
44 77
16 19
8 47
79 85
52 95
70 91
48 94
2 64
20 22
36 43
5 72
76 83
5 98
80 88
66 75
50 91
58 80
22 36
32 88
55 87
79 81
53 89
23 83
19 88
11 24
64 74
34 54
44 93
9 41
21 45
78 93
0 97
7 75
13 92
25 41
71 82
43 66
14 15
69 82
17 18
47 76
10 11
32 33
13 14
25 34
59 64
3 7
188 267
101 164
59 25
284 235
15 287
0 151
4 84
289 203
249 255
160 105
195 122
195 147
58 230
94 271
105 228
105 207
208 179
84 51
108 23
232 173
263 64
200 48
250 41
208 271
218 143
161 73
138 256
289 85
243 137
181 234
11 11
111 103
275 158
270 112
184 79
23 151
273 23
148 187
157 205
284 259
222 14
143 85
73 214
299 18
150 165
167 29
132 207
228 289
49 4
136 20
18 208
242 12
228 60
197 8
206 99
73 104
278 182
34 23
205 228
39 97
257 211
259 273
153 285
193 205
41 42
87 179
299 51
112 135
83 85
23 186
54 158
14 229
23 126
153 142
9 45
297 120
296 296
120 173
175 182
51 291
222 199
102 294
1 180
197 293
51 263
24 261
70 272
82 148
254 181
159 7
222 115
49 201
133 287
173 161
86 28
223 36
244 109
158 253
0 114
80 233
