100 132 10 10000
8 61
4 82
78 87
33 98
70 71
30 69
2 5
61 93
3 91
8 29
14 22
6 60
56 99
45 59
7 99
20 85
16 42
4 31
6 49
44 94
77 90
75 87
29 59
59 70
26 37
24 94
1 91
75 93
21 69
49 52
36 92
16 89
26 27
43 96
4 62
3 97
36 67
21 74
10 51
28 44
23 67
81 98
11 16
37 94
7 87
9 39
20 21
16 33
83 88
46 56
0 88
6 95
41 84
22 71
8 76
2 55
91 96
14 64
59 67
25 50
40 42
19 45
7 78
10 72
43 52
68 71
81 82
10 86
24 51
66 89
38 94
36 68
28 73
6 10
39 75
0 35
55 94
56 92
21 48
57 82
21 80
6 50
40 65
28 79
6 25
32 53
15 54
18 26
3 28
13 62
13 81
47 66
0 53
18 86
13 47
14 85
63 83
41 62
26 73
14 19
27 34
41 65
25 76
15 46
54 80
21 63
5 57
34 44
5 79
74 77
12 72
42 66
35 53
32 84
74 90
30 33
16 98
23 61
88 90
60 95
11 42
32 64
1 58
17 76
58 97
4 38
20 48
31 84
78 97
12 95
9 92
17 29
128 72
207 259
24 278
196 300
74 162
4 224
162 193
273 241
229 172
279 216
126 190
49 56
122 130
35 144
205 84
260 36
26 64
217 147
113 235
208 116
179 9
78 5
234 54
261 170
94 213
195 183
136 275
94 289
45 290
244 142
3 27
91 150
140 97
39 34
68 283
153 33
289 72
85 258
42 200
240 220
69 101
76 135
49 85
143 242
49 262
231 126
281 25
15 128
210 7
173 215
177 167
92 183
148 210
164 66
217 43
40 236
297 39
12 181
246 284
272 123
162 149
243 188
55 146
50 15
183 105
47 112
25 101
286 139
261 69
19 0
271 88
235 106
111 167
161 296
142 15
206 238
202 164
128 36
269 277
5 287
250 3
3 159
39 179
75 45
101 105
200 64
125 217
241 253
94 74
5 95
106 36
180 268
294 169
219 210
60 223
134 149
164 252
299 271
1 53
300 226
