100 127 10 10000
10 67
4 61
24 34
18 79
23 70
41 90
50 65
6 41
16 73
70 93
27 75
6 62
32 35
54 63
25 67
43 61
35 98
15 63
23 71
29 31
90 96
0 46
10 47
71 93
12 77
5 99
25 74
60 94
40 57
2 45
37 57
49 72
35 52
53 86
84 85
17 76
13 52
9 20
32 86
53 85
76 92
48 49
20 97
34 76
14 73
0 27
39 47
18 77
11 55
11 45
19 63
44 58
57 96
58 83
0 5
7 29
43 94
14 20
32 77
7 98
6 82
15 89
50 81
22 48
39 80
64 68
66 95
25 60
13 38
16 24
28 40
8 62
8 93
13 37
30 69
38 83
21 50
3 28
63 89
33 91
2 11
55 59
26 65
50 64
2 80
82 91
83 87
15 19
5 46
66 72
78 95
36 46
3 16
4 75
30 42
51 78
21 85
0 55
22 78
62 88
9 12
63 88
31 44
39 54
4 26
47 54
42 81
4 87
68 85
17 51
15 70
45 69
1 76
77 97
68 84
12 79
63 66
11 74
24 92
43 59
11 36
1 22
54 56
33 63
16 17
39 56
26 99
189 246
86 15
83 276
152 74
203 160
210 246
60 91
271 92
82 145
182 1
45 214
134 268
247 20
189 72
209 42
24 148
166 40
147 24
279 27
7 167
216 21
277 264
44 10
30 182
125 63
92 214
223 199
187 216
169 99
298 118
275 297
272 175
283 60
15 83
104 56
250 61
154 280
192 122
227 111
38 255
143 103
110 98
244 282
146 179
274 127
74 295
185 279
21 236
65 42
22 30
237 239
160 5
209 64
299 89
9 254
150 221
18 289
166 139
248 162
170 201
115 172
183 169
60 132
2 139
268 219
248 199
0 41
68 239
287 245
199 300
61 153
71 193
16 54
196 25
109 255
199 186
109 25
264 46
117 3
285 2
44 298
238 262
84 70
231 146
297 210
297 279
297 39
215 130
36 105
35 127
100 127
50 72
123 41
79 168
128 195
4 5
135 132
230 49
244 100
208 222
