100 128 10 10000
19 54
46 86
23 94
37 56
17 78
1 41
42 87
25 43
12 71
7 11
13 61
2 40
61 65
2 9
38 70
14 45
10 65
22 39
9 60
40 96
17 62
14 49
66 90
29 44
71 91
45 92
34 41
37 95
6 52
0 68
44 88
67 78
38 51
2 33
41 56
42 78
87 93
68 84
2 16
34 56
89 94
71 89
63 95
15 35
27 70
0 73
2 47
27 60
63 69
16 96
18 39
69 75
7 57
36 76
6 86
35 88
12 89
54 82
42 76
33 60
5 49
6 39
67 84
17 93
1 56
73 98
42 48
8 57
21 85
74 89
5 50
59 92
26 51
28 55
29 40
32 53
17 24
11 65
8 47
37 66
13 73
72 79
4 10
64 83
40 97
12 59
72 85
26 99
46 52
31 67
3 99
25 77
52 53
17 48
63 71
65 79
81 97
0 67
12 41
14 64
43 55
15 77
23 58
10 98
6 22
81 88
20 80
65 80
58 91
32 40
21 30
85 92
50 93
30 65
24 83
4 38
0 62
75 90
31 36
19 74
3 60
12 63
70 84
6 18
5 93
28 82
20 46
39 55
172 70
253 209
18 48
52 43
136 54
282 147
86 202
85 124
50 80
27 28
112 84
111 114
208 233
203 105
220 149
55 285
8 132
255 91
59 222
155 215
66 144
171 158
106 220
182 294
235 106
97 292
100 50
102 1
120 244
8 283
165 131
240 39
34 205
20 7
235 169
78 276
220 19
282 184
120 24
80 235
0 161
221 211
286 44
138 281
41 267
190 178
92 171
24 111
285 75
257 144
272 112
76 22
70 181
49 162
129 198
96 251
246 186
59 102
226 287
175 219
41 13
170 111
212 85
254 236
213 124
141 110
286 288
217 54
165 27
275 237
146 2
234 256
133 163
172 91
166 242
280 267
254 24
36 295
257 60
147 148
107 142
13 212
130 218
237 127
200 25
170 181
118 179
289 18
40 247
186 245
265 297
260 265
193 199
291 96
162 263
276 208
27 147
12 252
141 86
73 47
