100 138 10 10000
33 60
22 24
3 56
10 83
31 66
36 93
42 78
10 90
21 54
26 99
62 85
0 2
57 85
28 84
3 10
29 45
13 31
2 75
3 88
28 63
21 77
16 55
11 23
46 50
26 55
30 62
30 98
44 98
27 41
27 58
20 94
10 56
48 71
6 90
56 61
18 89
60 81
59 86
10 64
51 80
11 96
48 95
13 66
30 70
5 98
59 75
52 92
25 47
62 84
32 69
24 34
19 26
44 72
9 67
17 80
53 57
35 54
9 69
16 26
1 70
61 65
47 92
38 68
16 64
76 88
8 9
6 10
27 43
4 24
2 79
58 61
78 96
39 71
17 86
57 89
29 78
7 64
11 43
3 61
24 73
1 44
87 99
27 94
23 45
20 49
74 77
5 67
58 94
37 91
38 70
56 66
17 51
37 73
5 8
57 97
58 65
64 83
46 59
12 94
55 87
19 76
33 98
4 34
71 79
36 41
32 81
9 85
37 49
7 17
39 72
0 74
24 91
12 42
40 80
42 96
10 82
63 84
40 51
51 84
25 57
82 83
14 35
56 65
46 84
22 97
4 21
14 20
28 64
37 78
60 95
45 53
13 90
15 52
15 25
50 75
68 84
18 81
52 93
163 103
137 24
165 73
248 187
94 154
59 41
220 104
290 70
37 75
25 55
253 142
129 274
161 257
198 134
167 167
40 287
298 204
247 62
47 142
267 238
170 204
130 136
41 190
73 260
86 183
1 283
274 259
188 263
300 6
92 230
63 6
195 167
5 112
93 63
54 165
151 148
216 290
117 203
151 5
124 73
276 12
231 258
151 227
177 284
116 31
51 223
204 45
30 267
85 121
138 195
166 43
229 30
63 294
21 221
126 168
294 300
229 173
2 187
214 222
203 77
67 107
226 198
23 6
230 10
290 116
201 191
232 149
31 34
167 23
17 77
117 9
116 95
130 53
78 210
197 107
189 59
279 213
168 134
119 245
142 85
272 42
35 114
273 183
274 146
185 4
5 56
222 66
267 281
234 223
17 133
223 131
105 172
49 257
106 297
192 224
90 101
140 253
27 156
90 27
241 283
