100 132 10 10000
6 53
70 98
29 74
14 41
22 29
79 94
7 13
39 78
7 80
67 75
8 75
33 94
68 74
28 57
3 57
30 42
37 99
2 73
35 71
86 88
20 36
23 75
12 23
41 55
79 99
21 55
4 15
50 94
57 80
47 70
58 59
49 82
13 46
7 92
58 72
21 65
1 53
60 73
23 66
5 72
23 50
15 51
31 99
38 41
69 93
24 57
47 64
18 31
24 76
16 92
11 15
51 81
68 94
6 86
15 65
19 69
15 91
43 48
21 29
48 64
14 62
32 49
77 80
40 83
9 93
57 87
25 66
38 95
9 19
88 90
3 89
26 73
49 56
76 78
29 95
8 36
0 89
56 82
81 97
4 42
81 83
28 82
21 34
10 85
24 61
50 96
17 33
21 95
47 90
44 50
27 56
17 72
54 74
75 96
45 47
20 43
24 87
72 73
10 16
22 65
1 78
25 63
59 72
46 92
0 99
5 18
26 84
69 94
17 94
84 91
55 95
30 62
11 40
52 53
2 26
45 98
52 99
32 77
35 76
14 34
11 98
39 71
25 67
3 37
12 44
54 58
60 85
29 63
27 31
93 99
61 87
25 97
206 70
224 113
22 99
180 37
1 159
90 104
263 177
3 0
209 234
204 161
41 53
241 297
109 229
50 5
2 226
2 293
27 78
99 123
108 82
203 193
228 224
47 267
83 286
144 213
272 29
143 264
43 122
160 67
181 13
69 251
37 156
166 102
123 3
129 127
11 244
284 70
240 242
178 79
66 206
270 130
208 262
34 192
9 140
255 220
117 193
280 254
33 29
271 235
240 183
109 30
151 192
120 292
224 142
246 142
64 176
33 237
138 62
204 10
55 147
90 142
78 56
277 49
23 174
105 255
272 208
36 289
126 242
185 249
108 171
182 170
255 263
297 119
68 124
70 85
91 210
180 221
254 57
96 5
254 96
156 123
144 0
146 291
131 29
179 292
6 116
75 33
286 162
293 12
291 184
217 28
297 214
0 92
6 61
187 146
123 151
58 230
168 204
181 271
267 282
197 104
