100 134 10 10000
35 63
34 87
14 41
9 91
86 88
4 14
51 60
43 83
18 76
16 53
49 65
60 92
85 94
0 70
48 85
64 66
17 89
74 95
4 41
26 34
60 81
20 24
36 67
11 89
50 96
39 78
67 99
32 56
21 76
37 59
11 35
16 89
20 77
43 46
32 72
50 68
3 8
6 13
22 88
22 64
18 25
0 27
25 31
47 97
39 99
11 16
69 89
21 77
55 80
42 71
6 82
7 74
17 36
18 40
43 62
83 98
28 40
29 42
4 71
8 15
69 90
30 75
59 79
0 2
75 90
53 63
49 54
1 8
23 78
58 99
12 21
46 62
18 28
37 79
0 40
0 50
56 87
48 92
33 73
36 42
28 70
37 80
4 29
31 76
10 85
68 96
33 94
9 73
15 83
1 63
38 39
41 65
13 24
30 86
39 52
61 89
45 96
1 3
34 84
38 94
12 27
26 50
55 85
27 50
85 91
2 52
61 90
19 77
7 95
6 44
44 72
40 57
8 74
82 84
39 58
59 92
43 98
51 81
83 93
5 66
7 97
18 27
9 54
19 31
35 47
45 52
24 86
23 36
2 57
45 51
5 75
5 62
1 93
10 48
204 290
119 16
207 249
100 47
177 12
31 114
49 233
50 64
87 29
232 133
296 202
129 102
101 263
50 200
222 17
50 15
182 93
178 135
144 267
131 189
77 217
92 232
34 158
212 170
86 162
148 239
66 296
127 292
184 289
169 36
71 142
138 219
4 233
260 167
41 290
115 68
211 127
279 54
242 207
197 207
193 268
258 16
198 80
2 71
26 243
248 241
14 98
74 53
299 86
224 59
269 297
268 254
228 236
140 78
236 92
274 112
6 255
169 238
168 211
300 57
294 269
129 127
2 118
135 44
51 143
239 38
14 138
189 161
235 285
146 151
151 290
201 32
21 200
235 161
50 42
77 100
120 252
106 210
242 185
288 36
262 76
275 221
31 267
12 18
70 267
287 157
51 175
8 285
21 176
159 127
116 143
267 136
298 297
92 0
270 192
24 66
255 279
67 82
9 38
189 183
