100 122 10 10000
38 42
18 62
69 73
13 68
42 66
27 46
38 66
2 40
24 73
30 97
18 72
17 48
25 32
78 82
51 74
3 65
23 49
66 81
13 76
32 37
49 70
1 42
82 97
7 64
92 97
37 47
15 77
15 53
9 59
26 82
36 47
54 62
6 9
43 83
3 61
10 93
45 59
71 94
42 61
4 75
12 23
32 75
87 98
79 91
31 41
35 90
30 46
28 60
23 33
10 82
77 91
58 60
8 71
4 86
52 70
25 52
20 50
45 92
48 80
76 84
21 37
69 78
24 78
67 95
14 96
39 45
67 79
33 85
48 69
51 71
89 92
34 88
20 95
16 67
46 54
28 54
53 77
5 68
29 31
7 94
29 57
8 93
34 98
0 39
58 90
14 92
74 86
11 64
34 44
71 95
36 41
19 48
50 56
11 89
73 80
22 60
12 55
15 81
17 69
35 60
56 65
41 84
85 86
44 99
62 87
34 48
22 45
40 86
66 99
57 72
21 43
23 70
5 83
2 55
1 3
26 63
19 63
18 88
6 96
0 35
16 44
27 30
182 6
62 264
192 259
74 283
196 214
211 160
252 62
183 172
124 157
247 13
122 116
162 122
228 280
217 126
201 91
31 233
59 176
33 112
42 2
6 107
119 195
276 171
142 63
279 298
86 105
229 251
56 80
51 47
82 7
297 15
97 48
299 255
231 215
128 298
0 162
124 3
284 134
250 204
8 298
220 17
180 282
287 113
13 272
239 170
28 180
193 38
80 34
287 202
15 139
258 284
116 245
147 196
251 256
29 205
54 24
199 289
94 234
291 42
141 35
223 49
118 30
52 291
25 19
20 77
194 142
96 276
4 233
96 164
254 148
51 129
278 252
146 160
274 3
88 134
155 230
211 240
254 110
50 226
64 107
97 186
57 156
8 211
90 79
212 194
275 72
120 266
166 256
30 47
5 3
194 114
152 10
67 237
174 88
130 135
174 193
133 179
218 103
134 83
7 36
0 187
