100 131 10 10000
8 93
47 77
45 70
13 30
15 75
80 90
15 54
1 14
49 77
31 92
65 89
48 80
23 36
6 51
6 24
15 76
42 46
13 88
5 30
20 28
60 85
44 54
4 59
0 18
2 24
5 88
21 74
3 97
71 82
9 54
8 67
27 94
0 79
39 91
55 56
73 81
1 99
11 62
2 3
40 56
35 52
66 98
28 99
10 23
26 87
19 65
43 74
50 61
58 62
12 64
92 97
33 93
12 90
21 43
22 67
7 34
15 22
86 95
11 47
51 83
58 96
4 30
78 91
26 63
80 81
74 94
33 49
44 57
6 31
33 69
66 91
37 89
19 58
47 60
21 55
2 91
5 13
75 76
25 59
17 34
46 53
66 68
52 96
69 85
64 90
27 39
53 88
18 19
54 75
37 38
21 40
45 81
48 87
82 84
22 57
20 32
25 61
41 82
71 84
23 32
48 63
63 98
23 75
10 36
24 74
13 18
21 50
7 61
68 91
9 71
19 52
20 71
34 61
17 78
8 22
56 83
29 66
0 13
22 44
11 72
72 82
38 95
15 16
41 72
29 82
12 70
42 79
35 86
14 36
16 67
51 73
188 216
54 107
196 79
195 59
259 232
210 165
219 39
286 134
21 290
61 150
14 73
141 227
58 38
204 201
54 76
25 203
2 247
243 173
221 230
205 253
65 125
258 47
26 252
12 95
216 66
266 174
131 82
263 121
103 114
138 138
242 196
184 27
30 141
62 296
268 149
236 281
11 46
280 277
289 235
237 124
299 19
67 178
152 202
277 95
59 209
73 1
133 172
115 250
144 62
92 267
300 75
215 15
203 277
158 164
37 174
237 19
269 4
69 237
165 267
270 213
111 293
289 159
146 251
149 105
74 58
240 244
161 134
2 281
182 162
158 296
22 8
84 149
114 212
139 0
239 57
14 166
5 199
89 225
232 149
168 223
144 40
108 15
96 167
246 1
89 129
136 290
201 300
111 69
180 183
269 258
97 35
206 102
163 23
48 258
233 86
278 299
182 284
172 52
175 102
74 84
