100 138 10 10000
28 46
16 87
56 89
67 95
59 91
91 96
18 85
19 67
16 86
24 66
22 60
84 90
7 58
63 67
38 72
29 34
52 97
74 82
44 81
33 81
24 93
2 34
27 34
83 88
39 45
47 80
36 40
35 79
4 70
24 42
0 92
17 89
12 91
40 51
39 81
7 62
0 6
41 68
37 58
33 73
42 66
53 55
24 80
6 11
37 42
41 98
29 47
14 22
14 16
20 95
14 55
28 30
87 94
31 79
30 46
4 13
49 75
64 70
44 94
53 96
49 65
11 53
47 83
13 97
59 62
23 41
35 63
74 89
20 77
17 52
19 59
4 97
63 69
39 98
55 96
59 67
39 42
9 15
54 57
1 93
10 61
14 60
2 85
52 71
57 88
25 72
71 72
20 69
30 56
13 43
20 36
41 80
43 64
63 79
58 73
37 79
9 12
50 85
75 93
48 69
54 88
3 52
0 56
68 99
17 74
32 59
8 72
0 61
26 81
26 39
86 96
36 77
17 54
18 84
70 78
34 65
5 98
31 63
21 27
25 90
28 53
10 56
56 76
40 78
82 92
3 8
5 23
38 51
17 97
13 15
7 96
1 42
45 99
22 76
27 48
32 63
32 35
21 50
144 3
172 218
81 265
51 98
92 80
244 259
160 17
215 101
21 91
151 66
204 29
180 40
163 95
101 59
285 69
131 38
254 103
51 38
19 249
117 134
110 186
65 207
287 35
277 273
200 254
20 190
240 194
88 234
248 43
102 288
247 16
162 197
179 142
259 175
102 261
201 160
99 168
229 171
40 131
239 224
82 156
249 289
213 210
115 77
289 170
267 239
228 23
17 291
120 212
124 239
54 248
52 177
46 75
204 60
20 44
247 68
221 3
19 19
252 142
168 115
292 92
179 6
207 135
169 173
129 97
123 280
183 236
153 152
299 275
144 179
103 109
10 67
25 149
289 146
79 11
145 229
280 10
71 185
67 121
185 195
166 300
277 205
104 7
5 268
8 221
63 275
238 90
294 116
0 40
36 1
29 224
185 75
107 28
160 247
294 233
120 168
221 78
73 68
219 266
288 253
