100 135 10 10000
27 61
82 87
27 84
0 10
49 69
29 66
2 24
64 98
81 90
10 16
54 79
57 71
29 96
26 49
68 92
40 63
20 57
90 96
28 73
11 62
8 87
46 57
3 8
4 59
26 59
79 99
69 74
26 83
20 60
34 42
56 78
7 40
15 51
10 60
59 93
8 34
8 51
32 81
14 84
6 25
35 55
5 33
23 50
12 89
38 55
23 85
47 77
62 80
39 81
38 80
74 89
9 58
28 75
22 57
12 16
17 88
20 31
47 64
12 29
5 57
50 72
25 33
54 67
16 31
45 48
26 75
1 13
46 74
26 93
57 68
53 67
17 25
7 86
40 70
36 82
0 41
61 80
64 77
4 56
56 80
32 65
14 27
59 84
72 94
2 97
17 95
46 71
65 81
28 43
37 82
6 99
18 95
59 73
45 69
15 77
19 48
76 85
18 91
36 92
53 62
35 56
68 88
3 34
52 76
65 90
67 98
27 80
9 44
43 58
22 69
24 97
21 69
24 87
44 58
78 80
37 87
9 73
30 63
1 29
2 60
21 83
32 39
13 66
11 23
42 66
64 99
16 41
19 52
35 76
7 70
85 94
66 86
25 91
30 81
60 92
125 266
236 253
84 261
93 279
201 52
116 107
53 101
294 271
19 282
300 52
109 235
137 18
176 249
238 273
297 4
0 209
142 223
61 151
14 148
191 77
96 190
193 165
134 142
111 30
60 270
68 122
206 104
264 4
269 104
213 255
273 170
124 212
213 162
102 73
143 298
180 42
39 190
59 212
165 2
225 144
266 254
159 275
186 279
269 129
294 96
141 113
147 162
5 110
168 82
178 127
83 22
5 252
165 57
11 11
76 63
177 20
211 29
114 143
295 153
234 52
82 219
240 4
111 1
246 219
0 56
194 185
207 299
31 54
73 170
162 143
289 225
130 184
63 16
269 81
158 180
220 120
153 37
2 130
235 26
48 77
218 2
240 187
23 219
197 143
281 30
101 49
274 275
32 246
101 125
182 208
209 210
44 126
63 188
250 88
76 41
23 167
203 234
59 247
1 34
17 77
