100 129 10 10000
46 57
39 74
42 89
13 40
53 64
20 70
17 99
29 81
10 32
24 39
11 82
77 84
87 93
31 72
12 91
18 97
46 96
28 51
36 75
53 85
7 87
4 87
28 57
12 60
24 48
43 76
6 50
38 66
23 54
75 95
25 64
12 40
27 67
59 63
17 59
15 38
10 53
21 85
91 98
41 98
10 64
9 71
22 54
41 92
9 73
92 98
61 70
55 65
56 79
8 61
11 81
73 95
7 80
61 68
48 79
10 96
22 72
1 59
24 88
63 74
9 76
49 58
10 82
51 84
1 80
25 60
2 65
36 43
52 58
4 83
29 92
2 55
26 50
5 93
25 69
51 76
13 25
21 22
65 96
0 19
4 37
80 90
8 68
42 51
35 96
14 97
26 27
6 67
43 51
43 73
16 47
3 30
33 98
36 77
19 99
62 66
39 59
23 37
71 95
83 90
7 74
4 47
18 27
86 92
48 56
8 95
14 88
3 15
10 35
56 94
32 55
33 40
0 20
86 89
9 44
53 69
25 54
34 45
9 61
46 77
34 78
52 94
45 50
5 94
31 99
30 40
44 78
16 62
49 74
226 109
169 200
189 69
44 216
111 251
179 300
231 177
176 255
229 38
270 32
119 100
67 103
45 129
36 185
296 184
50 251
79 285
197 158
293 102
206 123
251 99
144 152
126 161
105 220
273 229
59 159
274 145
285 166
94 14
53 60
13 251
167 158
158 107
4 131
268 121
115 62
163 33
84 229
60 276
222 215
11 157
24 84
25 10
174 4
291 60
235 140
120 37
127 280
248 256
193 267
252 163
69 5
226 297
125 125
117 190
199 99
270 268
76 46
229 265
189 178
36 160
253 76
120 299
199 221
90 126
165 81
41 289
259 201
228 64
101 149
227 85
248 24
143 176
252 3
215 236
190 21
295 0
151 5
275 80
256 296
163 237
76 70
93 93
128 222
116 5
153 127
7 31
155 262
294 240
41 40
150 219
31 107
24 54
153 300
293 298
232 8
141 52
300 21
2 80
180 139
