100 131 10 10000
16 25
36 94
1 29
41 93
56 73
68 70
21 76
21 32
27 93
6 53
33 91
67 72
4 31
34 60
17 59
5 57
52 87
0 94
2 73
44 67
48 52
39 44
45 98
50 60
7 64
81 99
57 62
9 42
25 61
30 66
30 60
22 43
29 80
75 89
38 85
90 94
16 64
19 96
75 78
7 21
49 64
7 25
5 49
73 91
80 92
37 60
35 96
13 21
2 17
51 58
70 94
9 75
35 73
69 77
40 51
29 54
88 98
87 91
43 58
1 32
20 96
22 40
14 30
15 79
63 69
8 86
41 71
20 85
10 55
14 89
62 74
75 90
15 59
13 92
7 61
65 99
11 23
0 28
12 82
4 90
26 76
9 24
81 94
82 88
38 65
53 59
42 97
11 68
3 84
12 18
5 79
26 95
8 93
41 78
19 39
44 93
32 46
56 98
66 71
34 86
7 84
44 55
54 95
46 76
45 57
6 61
34 50
72 82
28 37
23 73
18 82
19 83
59 74
24 78
36 77
17 33
47 48
48 63
31 97
51 76
73 96
57 74
11 47
83 86
18 56
68 81
27 39
3 52
55 72
10 19
22 31
25 106
110 238
239 144
177 229
31 173
300 283
217 198
194 277
161 31
13 215
239 30
112 145
240 59
158 263
17 48
263 234
246 267
239 174
266 90
205 42
183 76
167 289
50 232
154 123
0 273
222 275
74 282
184 10
62 92
97 219
25 73
76 204
132 263
209 163
110 60
191 103
85 148
87 76
151 82
216 10
28 259
38 6
17 194
65 255
241 3
259 159
116 290
143 158
142 178
259 283
103 23
26 297
162 212
242 236
79 231
257 19
240 117
297 152
54 273
250 206
64 49
223 243
291 222
111 200
244 300
131 75
40 37
287 5
130 109
109 175
86 126
77 14
285 30
196 142
278 180
15 149
91 299
80 179
3 7
291 253
129 213
88 106
289 62
181 41
199 233
169 109
144 55
177 197
281 116
17 127
53 163
172 175
149 231
95 4
63 116
89 249
213 94
35 214
261 123
113 93
