100 135 10 10000
0 68
84 85
62 88
71 77
43 54
25 96
27 40
2 76
70 75
5 70
27 36
11 41
26 49
41 51
21 57
39 79
58 59
17 18
62 73
45 65
92 99
60 81
37 81
7 80
30 69
25 48
19 24
76 80
58 61
15 43
27 28
82 99
4 95
26 60
51 73
73 88
20 26
3 71
54 59
55 82
26 90
55 87
41 44
7 25
17 80
6 56
35 72
38 97
13 46
18 48
19 29
42 57
21 44
39 43
1 98
9 35
43 89
78 98
62 78
10 47
50 85
34 39
19 62
14 69
74 75
44 73
7 76
4 28
16 68
46 83
53 57
32 94
12 87
56 66
5 84
5 89
33 93
10 81
12 47
23 79
80 97
0 16
19 78
36 74
0 75
66 67
9 80
32 66
32 69
46 97
36 95
8 11
7 86
14 30
52 75
25 86
13 83
49 50
55 92
20 49
64 79
8 91
24 91
40 96
64 99
63 65
30 43
3 90
3 26
16 93
23 50
30 53
63 81
3 77
2 36
34 43
71 97
24 29
30 94
33 41
1 88
6 67
9 38
31 97
42 68
22 50
6 61
13 37
1 78
15 79
71 72
10 45
52 74
31 65
22 81
159 124
35 83
213 95
242 175
168 13
131 157
20 264
251 39
70 24
260 92
205 277
103 0
143 282
247 218
25 146
66 219
133 96
297 27
277 8
8 30
188 169
91 81
155 237
124 249
16 1
230 16
208 186
202 51
178 44
32 22
48 148
276 300
0 140
130 54
93 189
257 127
184 64
243 245
279 104
97 213
212 25
127 18
102 134
69 192
105 47
239 296
283 210
178 263
191 5
180 192
145 215
98 21
209 127
71 136
48 208
122 299
12 228
62 106
41 230
13 207
218 208
63 256
44 47
234 268
77 272
275 264
1 180
3 282
124 136
24 170
166 156
284 186
283 140
85 43
184 106
179 132
237 70
252 154
1 63
91 252
265 54
190 233
73 293
272 236
133 194
148 178
253 17
164 286
71 64
83 157
237 135
48 0
24 293
131 75
36 123
154 41
225 53
297 72
21 99
56 280
