100 135 10 10000
65 90
20 23
72 77
15 28
73 99
87 97
12 95
67 91
47 77
4 75
48 82
16 25
19 48
7 89
53 80
55 84
3 99
0 21
2 5
10 54
55 64
15 38
14 24
11 61
24 88
59 70
22 50
66 69
41 66
29 60
10 34
2 68
41 95
73 84
30 36
15 77
25 71
35 57
54 60
72 98
28 47
44 89
13 63
39 91
69 94
12 62
77 98
80 91
31 41
6 23
9 63
34 54
26 35
62 65
90 93
14 89
57 93
82 85
8 50
85 91
24 48
26 75
42 83
8 86
34 96
58 84
58 74
37 85
18 70
46 50
2 17
33 94
3 51
13 49
56 91
0 11
1 73
16 41
8 83
2 92
27 87
39 52
30 90
7 34
33 75
46 94
61 81
34 44
23 38
19 59
1 81
28 97
40 62
53 76
17 68
9 54
3 56
20 45
52 67
16 71
31 92
22 87
6 41
51 91
48 88
27 50
23 79
29 62
12 40
42 79
52 72
32 74
43 68
20 86
64 71
9 13
21 74
23 66
58 64
37 61
49 93
31 76
36 69
20 94
12 25
13 96
5 53
66 78
65 78
3 55
4 36
32 40
43 52
45 69
11 18
212 93
284 100
198 230
268 164
16 144
237 215
125 203
125 44
39 241
15 46
61 13
236 67
151 138
19 11
165 37
129 249
162 160
234 242
206 60
203 7
84 217
185 68
15 255
106 216
145 22
183 156
8 193
9 275
114 274
89 84
44 115
164 202
151 87
36 191
93 38
1 167
48 140
243 42
148 232
271 272
158 112
122 167
65 285
201 284
108 60
78 190
22 216
132 294
159 4
1 65
10 235
286 188
239 286
250 188
50 40
246 133
287 136
8 86
212 149
187 24
67 67
274 45
117 107
42 20
225 171
80 121
99 175
260 252
207 261
62 171
224 34
179 179
156 299
263 96
193 113
29 160
209 198
171 255
81 152
86 248
253 229
272 78
226 7
49 265
231 117
293 24
65 237
30 284
123 4
128 75
40 92
297 252
168 228
27 70
58 202
104 151
90 4
92 300
176 286
266 134
