100 131 10 10000
7 84
4 95
74 96
4 75
28 79
2 97
41 91
54 83
45 51
16 50
53 65
11 30
44 61
57 71
35 62
0 15
25 31
39 95
1 83
61 62
33 42
46 71
29 47
59 84
39 93
47 77
1 12
27 92
1 79
3 35
18 79
75 97
93 95
10 82
90 99
62 65
6 82
48 65
26 37
29 78
76 89
35 77
8 13
81 84
4 32
3 25
36 64
16 34
20 74
15 88
15 76
21 28
40 83
11 48
63 85
48 70
68 97
28 72
23 31
43 50
61 97
78 99
46 73
56 69
30 70
61 80
57 63
14 58
14 24
54 79
26 64
7 96
20 82
17 49
65 89
37 61
59 82
5 21
0 22
41 50
41 94
9 84
9 59
10 38
14 92
39 69
6 38
42 55
13 40
27 93
26 31
40 94
45 60
36 73
48 53
55 88
14 27
38 53
56 86
41 98
1 5
2 66
35 65
44 64
81 98
3 61
66 87
23 25
18 54
30 43
24 32
19 47
24 72
51 67
52 91
68 86
39 85
27 58
51 90
3 80
12 33
41 52
19 49
17 99
8 81
22 91
26 67
26 90
7 34
60 84
71 87
142 180
98 274
265 128
165 104
220 190
113 242
72 102
5 131
2 237
11 66
86 82
101 170
90 235
13 291
273 276
160 214
27 163
34 34
39 292
101 25
51 129
130 261
96 196
149 50
230 271
152 72
200 48
284 245
177 283
133 20
83 154
178 57
209 220
131 213
8 175
143 126
267 32
216 70
91 114
266 198
27 246
54 200
157 244
52 159
238 79
276 2
288 69
108 62
129 163
56 52
24 191
222 7
78 209
128 143
59 288
192 264
272 160
296 156
253 258
7 100
27 5
200 92
192 128
297 211
250 50
166 162
290 129
237 21
236 129
284 179
103 146
290 90
206 291
300 18
30 129
217 136
168 195
129 98
83 13
90 294
182 82
1 207
58 81
51 268
5 40
279 222
244 155
272 106
183 236
190 187
191 9
78 175
295 267
258 234
52 235
238 202
10 151
242 104
25 224
63 5
