100 132 10 10000
13 48
57 97
26 62
74 76
48 99
46 97
42 67
37 75
55 92
39 95
14 66
6 23
12 45
39 81
11 43
34 61
27 78
8 34
79 94
76 78
4 43
46 60
45 62
0 95
52 82
49 71
10 66
6 53
1 9
11 35
22 46
6 87
15 70
3 45
4 50
68 84
0 27
19 47
52 65
19 52
37 44
34 55
50 75
80 98
56 77
10 26
5 63
64 83
65 98
36 75
40 89
78 80
28 89
36 88
39 94
56 72
29 79
16 71
89 97
60 99
2 98
40 85
16 54
54 87
13 53
4 11
67 87
44 55
24 90
59 81
63 74
7 80
3 33
23 69
4 72
18 57
5 91
20 88
12 24
73 90
18 61
31 58
58 86
70 84
25 73
20 75
47 49
31 62
17 75
7 79
2 79
3 86
41 61
17 32
40 97
5 70
9 85
64 69
29 82
15 91
53 67
21 76
38 67
87 96
47 73
2 52
28 77
27 94
8 55
30 81
43 56
51 71
4 35
21 78
48 93
58 67
52 98
11 83
67 96
28 92
1 22
30 39
36 76
44 68
25 51
53 93
14 80
42 53
29 59
41 66
33 38
11 32
7 277
211 30
111 260
262 176
48 49
66 188
296 46
75 230
135 92
182 17
175 172
60 3
237 210
267 65
88 184
48 141
256 289
6 56
189 115
156 275
21 115
15 239
251 33
286 22
211 182
228 229
202 160
31 256
115 62
116 281
67 277
234 131
19 12
257 212
133 121
20 34
2 172
34 95
285 191
32 291
157 21
142 156
287 102
70 23
71 116
241 173
228 55
178 265
240 100
182 295
35 69
212 263
133 242
290 78
287 269
98 95
114 25
162 98
264 128
81 296
225 85
160 135
224 154
29 189
246 8
127 212
145 195
293 145
117 137
267 5
74 147
233 286
89 57
194 214
4 193
8 87
3 220
134 33
54 213
86 260
75 209
61 298
133 263
209 2
97 150
132 4
273 146
296 250
16 148
141 63
177 203
40 171
83 77
267 96
52 257
10 299
293 222
182 58
102 225
204 98
