100 130 10 10000
22 94
29 44
23 52
38 60
44 93
0 38
1 91
46 64
53 78
36 94
0 45
28 91
3 44
58 60
7 33
86 89
12 46
26 79
69 95
39 54
67 72
20 62
32 84
46 99
77 81
43 72
12 74
91 99
27 56
17 83
10 54
20 34
11 21
42 54
40 44
8 93
50 89
61 66
35 46
41 61
29 81
3 84
13 58
71 92
24 87
6 69
18 97
76 92
12 37
4 95
9 56
11 17
28 36
4 59
77 80
61 76
43 82
27 39
48 69
12 67
42 49
15 60
15 27
72 96
5 82
55 70
45 92
16 24
79 88
25 47
65 85
57 86
41 62
33 85
44 48
5 34
21 51
70 89
57 66
38 98
68 88
22 73
35 96
43 75
10 39
19 73
36 99
66 87
23 70
7 14
0 71
11 83
72 75
25 31
31 67
53 90
11 19
19 32
10 20
69 77
49 82
89 95
20 68
7 30
8 32
1 51
93 97
37 74
42 47
59 98
29 80
16 30
37 90
40 93
9 13
52 55
14 63
2 94
52 57
2 17
13 18
64 72
6 84
50 59
38 58
13 78
16 65
16 26
63 66
20 88
56 165
299 282
289 200
188 279
86 286
178 14
174 295
61 44
205 257
178 157
140 81
276 237
256 106
181 193
77 66
119 134
29 16
293 225
205 189
250 228
119 61
245 276
251 203
7 206
8 12
216 85
124 6
154 126
292 150
152 234
90 15
215 46
228 243
18 58
141 30
279 40
265 153
238 145
92 208
159 88
189 214
91 91
179 51
239 3
173 253
57 145
288 98
188 97
143 284
200 26
42 251
243 297
23 171
180 137
159 46
52 194
154 154
1 146
144 196
80 234
120 173
71 96
115 99
35 77
279 69
50 26
26 113
246 88
100 72
118 292
22 226
79 149
244 39
274 215
230 114
262 3
102 116
96 247
197 166
110 34
124 226
134 257
201 3
284 256
212 276
12 33
0 185
4 122
84 44
32 287
203 132
297 180
68 117
199 233
243 178
66 295
281 14
214 217
104 227
293 119
