100 128 10 10000
25 48
3 84
11 50
81 89
72 86
46 74
14 34
2 30
31 48
63 69
14 17
6 90
21 38
62 67
4 73
4 54
56 96
49 84
17 59
40 88
82 98
56 66
27 58
67 71
16 78
7 53
46 59
2 71
7 76
12 21
69 81
24 86
32 60
0 55
14 39
40 83
49 59
21 42
20 94
1 65
10 52
80 97
59 79
78 88
15 70
38 80
0 28
11 87
20 43
57 60
68 83
39 83
93 95
90 94
35 71
54 64
52 95
23 73
76 98
51 62
72 89
86 89
29 36
31 51
23 86
2 36
21 33
35 92
12 42
37 55
77 85
59 93
38 54
16 85
46 47
37 97
9 70
45 91
32 99
19 58
10 28
41 53
26 34
18 41
13 68
0 22
1 28
63 89
7 87
2 75
71 75
32 57
13 77
30 99
6 98
66 69
45 47
45 46
43 82
13 58
5 96
44 67
22 59
19 92
44 48
33 89
5 31
9 91
15 24
45 86
5 25
36 50
49 79
3 17
43 60
21 65
61 83
7 18
8 69
8 89
74 83
2 29
41 66
26 27
5 42
58 61
64 73
57 99
212 151
146 193
116 104
272 119
182 276
77 177
11 43
30 163
2 282
273 214
171 146
46 129
65 253
222 29
247 89
206 236
140 4
252 137
25 194
171 48
36 25
101 261
232 177
222 262
246 238
103 184
193 99
170 86
187 182
87 66
111 50
102 157
88 12
130 268
223 111
149 64
77 101
184 203
146 240
235 71
298 19
5 177
89 218
46 52
153 157
294 264
296 199
295 231
130 172
295 179
57 100
70 123
182 120
1 148
160 271
212 178
45 200
50 6
184 65
263 170
69 19
227 50
119 135
19 270
174 225
114 218
7 230
154 134
264 26
1 251
221 217
148 93
215 288
192 255
300 58
134 116
19 125
222 8
254 6
280 155
144 219
35 250
22 104
279 51
297 102
202 11
246 290
56 165
276 8
54 284
5 16
274 257
143 28
245 158
23 5
223 132
67 219
161 207
2 74
107 4
