100 136 10 10000
35 55
4 85
21 48
54 57
25 60
1 32
5 36
43 62
11 77
61 62
19 31
23 54
11 70
62 98
14 22
10 60
35 36
2 53
8 72
63 88
30 70
96 98
51 58
12 15
56 82
39 80
36 56
4 83
14 71
45 81
37 50
30 76
12 49
28 91
7 81
0 87
32 86
64 92
68 79
6 59
38 76
30 87
2 55
85 99
18 42
29 88
11 40
57 78
13 87
1 46
17 77
77 93
18 47
66 73
51 70
26 48
9 62
43 99
53 94
22 94
15 35
40 45
0 30
16 78
37 77
27 69
1 92
28 39
22 56
67 78
10 74
90 93
46 86
23 67
5 53
42 54
86 95
27 65
75 88
70 81
42 47
34 67
44 48
34 78
57 95
7 49
16 34
3 25
8 71
13 33
9 98
19 84
38 91
8 68
13 91
63 81
61 80
67 83
43 69
60 98
44 62
76 89
63 75
72 74
41 92
6 82
8 73
19 21
43 97
21 65
50 55
14 52
57 93
29 82
10 31
17 55
35 56
25 96
22 52
18 41
20 66
24 32
28 33
1 27
30 58
24 79
6 76
62 97
20 60
26 98
59 91
51 89
18 64
3 21
57 90
31 84
279 131
106 108
131 195
27 129
213 10
124 242
296 298
223 258
57 252
18 47
45 200
238 146
209 242
262 83
88 269
202 210
218 114
178 171
140 51
47 124
9 223
52 101
119 272
209 53
73 126
7 153
23 73
93 63
268 28
240 297
268 148
56 158
111 138
259 55
243 103
172 233
151 216
158 157
295 111
283 2
200 176
145 84
184 35
60 25
41 47
232 184
125 98
130 29
59 75
207 286
135 169
276 204
90 297
103 215
170 70
164 187
153 263
187 98
282 170
300 36
8 188
98 3
26 3
253 274
119 50
79 86
9 286
223 71
74 210
73 58
263 187
83 235
20 248
29 269
31 224
290 255
291 151
192 150
206 91
104 171
253 0
253 238
126 299
242 28
34 148
124 9
144 134
270 110
276 295
281 229
194 118
285 66
123 72
175 129
101 246
161 110
6 115
50 4
3 86
89 40
