100 139 10 10000
30 67
11 73
87 96
65 83
14 78
18 24
4 27
3 16
8 9
2 24
2 18
32 43
89 91
54 80
44 46
45 96
26 84
11 89
37 89
30 96
51 89
8 52
34 62
38 86
69 85
6 52
29 83
36 65
26 27
3 66
39 50
17 60
20 68
29 61
31 75
0 79
28 92
55 68
59 64
40 78
12 94
93 96
43 63
62 83
70 90
46 76
40 76
19 33
37 59
3 39
11 75
36 85
31 49
67 87
47 99
15 27
4 41
29 39
13 30
9 43
78 98
8 33
47 70
52 95
56 79
40 80
22 54
65 82
0 21
21 42
6 50
38 97
17 25
19 24
31 35
12 34
14 67
13 62
85 94
5 84
11 90
70 73
21 58
39 61
56 91
82 83
64 93
23 38
25 57
0 77
41 74
4 19
13 81
46 97
1 96
25 60
28 53
30 99
7 54
63 66
26 48
71 72
49 75
26 35
16 44
37 77
5 15
3 95
24 57
2 10
53 72
16 38
28 88
48 55
10 17
1 45
36 86
10 42
50 95
10 43
59 98
21 56
36 69
66 95
14 22
46 58
34 81
51 79
64 73
7 94
37 51
19 71
74 88
20 84
4 5
10 32
29 92
23 54
45 47
109 113
44 13
168 238
240 166
111 290
84 283
270 206
206 54
235 245
210 238
145 197
2 143
215 29
153 4
137 47
65 262
204 160
123 187
175 264
167 289
21 283
132 158
165 30
201 97
156 257
116 253
49 242
86 257
299 263
300 175
70 0
35 182
182 192
208 273
235 15
64 190
262 92
56 112
216 134
262 144
147 118
257 291
160 167
188 220
177 148
27 27
167 117
8 42
28 209
21 167
259 186
73 126
243 221
267 242
188 66
0 228
97 178
131 288
152 139
86 79
81 210
292 145
282 16
216 216
49 71
283 66
212 195
117 7
3 250
225 77
5 68
232 285
247 270
31 104
283 285
4 206
165 94
90 102
120 74
85 146
147 76
188 23
286 36
300 101
47 271
261 52
229 110
89 19
268 268
45 139
0 93
76 168
279 224
73 49
236 43
234 202
67 28
195 129
113 43
10 10
