100 135 10 10000
34 79
49 95
4 69
4 61
51 97
0 1
0 7
24 40
2 73
85 98
29 35
60 65
60 80
55 58
40 41
28 45
65 84
42 93
28 61
67 72
41 49
26 69
38 44
65 80
16 41
30 31
30 51
25 76
11 85
8 69
1 48
40 90
36 82
80 97
17 70
12 91
43 45
44 88
14 74
49 63
18 48
38 97
0 93
22 92
54 70
60 73
33 86
34 96
19 89
63 98
0 10
45 68
5 87
10 93
13 35
46 84
13 73
39 59
23 99
39 78
3 65
20 25
18 81
41 55
5 57
71 86
48 93
31 77
27 60
90 94
1 93
77 87
22 71
20 81
35 57
15 74
4 6
28 32
6 26
84 91
27 89
21 34
37 67
7 47
50 67
79 96
21 78
16 49
41 54
17 92
29 73
37 92
43 72
64 99
68 72
7 21
6 64
5 12
45 75
35 59
40 58
15 82
43 68
14 92
42 98
30 83
69 75
83 97
50 56
86 93
9 64
3 80
86 95
19 73
8 72
62 93
47 96
32 53
41 66
9 88
76 94
52 66
17 52
81 85
24 32
24 53
33 98
42 62
5 91
11 98
36 74
2 46
49 86
15 23
56 69
280 239
266 199
113 258
55 290
102 149
100 193
48 153
251 268
86 86
7 193
281 271
230 143
122 232
143 248
72 29
30 38
217 22
142 16
257 171
176 291
212 157
258 233
239 11
0 42
160 88
222 181
38 116
257 297
129 139
168 255
54 232
41 175
148 124
274 89
225 228
184 218
26 12
115 31
0 271
202 208
198 114
190 54
282 135
106 102
12 236
133 110
125 280
223 268
279 167
247 53
62 74
67 271
129 50
167 133
185 18
222 93
38 85
132 212
220 119
180 197
131 300
128 174
296 99
246 104
10 134
75 295
152 60
91 40
141 81
65 123
169 34
288 6
96 67
142 268
48 10
111 124
189 179
73 206
241 188
200 248
7 300
238 162
0 20
28 257
94 273
255 148
296 63
94 168
0 219
205 277
188 143
86 228
88 2
299 212
158 152
268 22
235 250
33 277
263 121
18 64
