100 130 10 10000
31 34
11 73
18 38
28 51
15 17
18 84
3 14
18 78
22 61
25 52
62 78
45 92
9 59
17 78
42 66
9 10
13 76
33 70
37 88
1 5
34 93
62 69
0 44
29 76
11 81
66 73
10 40
2 52
45 50
40 56
0 99
29 70
41 49
14 97
9 57
64 66
33 65
12 50
42 89
9 96
21 55
21 42
25 57
3 58
22 72
61 85
60 64
54 77
2 77
32 74
69 93
3 53
48 89
49 73
50 96
27 93
42 98
19 79
23 81
5 44
80 90
57 87
45 95
50 77
6 28
17 86
92 95
38 71
33 85
32 75
4 8
30 61
16 27
24 26
74 83
39 49
64 81
7 68
1 91
29 36
8 16
15 82
37 80
47 87
51 69
13 33
14 46
47 53
12 25
82 88
75 98
7 30
24 39
69 91
67 80
29 83
61 68
21 94
54 99
24 55
6 92
23 64
27 31
43 56
8 58
36 55
26 55
79 83
43 60
20 70
15 88
4 90
3 63
71 84
29 48
24 71
15 67
78 86
35 63
7 20
46 97
46 58
26 49
65 72
34 35
30 72
7 19
41 94
59 96
27 62
139 282
167 243
244 258
62 271
9 200
150 258
179 170
39 25
43 198
300 209
295 141
258 62
257 239
85 107
26 286
62 156
66 215
88 159
128 136
67 12
54 66
162 71
11 119
233 35
201 126
291 234
210 105
101 212
161 179
113 75
8 36
73 236
110 14
55 103
96 243
119 253
141 93
18 180
162 153
251 120
271 110
221 82
179 51
278 23
168 273
214 203
28 252
117 298
129 53
247 98
253 207
140 179
279 266
53 292
212 281
178 101
272 80
269 296
49 240
286 160
285 0
6 99
123 200
79 292
221 11
36 127
205 44
61 124
19 58
150 221
89 82
184 146
0 139
235 65
137 30
181 4
122 109
211 243
121 159
82 61
39 147
249 14
63 184
106 38
179 126
38 82
103 137
226 300
41 173
166 28
4 159
185 233
189 196
119 225
198 77
236 175
266 169
6 229
199 18
195 297
