100 128 10 10000
15 98
49 75
52 70
35 72
28 54
10 47
49 79
35 38
69 80
9 77
18 91
47 55
37 74
5 67
31 79
45 99
14 81
0 28
41 44
21 88
0 2
41 70
29 98
77 92
25 30
30 71
40 56
35 94
87 93
23 93
60 67
10 83
59 60
16 48
45 50
33 68
3 78
53 66
82 95
16 24
14 65
1 23
51 76
41 98
54 56
17 56
6 13
17 40
26 86
8 73
20 34
9 33
2 28
19 43
4 32
44 70
84 96
32 51
24 33
57 62
51 86
50 90
11 63
42 88
19 64
42 75
8 97
26 40
7 58
39 66
53 58
19 89
74 78
1 85
46 75
16 27
21 79
11 46
69 95
10 55
27 48
79 91
33 94
19 96
36 52
6 38
3 52
10 63
18 31
63 75
62 64
24 57
13 81
0 58
12 29
65 76
73 87
23 85
22 24
4 15
13 80
7 34
72 94
5 43
22 90
18 99
12 44
19 92
59 75
57 84
25 39
25 83
18 79
35 68
61 76
4 97
36 77
71 80
26 28
46 55
1 32
29 35
35 82
48 90
14 61
37 89
52 89
20 80
250 184
157 295
289 187
51 239
110 260
94 0
174 138
213 202
92 283
65 141
290 54
271 37
84 168
172 180
136 206
122 229
67 55
248 271
157 55
4 63
202 175
206 81
78 85
137 297
45 85
261 128
241 252
66 13
277 216
130 169
231 132
186 102
154 270
58 104
193 198
125 111
27 177
0 268
156 160
272 151
285 260
82 213
218 60
9 14
62 187
152 26
263 83
292 108
77 30
207 39
118 38
190 287
22 211
223 183
295 241
286 77
284 291
25 99
234 202
229 6
197 20
180 226
43 118
259 6
5 120
138 243
256 164
120 8
99 139
197 124
61 207
220 155
105 73
55 287
6 293
244 46
163 249
33 156
20 264
196 62
201 146
147 187
150 103
299 132
39 59
214 295
206 268
26 300
228 97
0 233
96 52
176 32
2 152
248 295
105 106
163 120
29 22
79 247
116 184
134 56
