100 132 10 10000
7 81
59 98
16 94
35 49
60 72
47 98
15 94
31 75
31 42
87 92
26 36
47 61
39 56
21 97
28 76
31 56
5 83
12 87
10 66
3 15
8 62
56 75
15 68
90 95
8 63
24 87
18 97
6 98
62 63
78 79
41 74
63 91
56 70
64 74
51 72
34 95
72 78
13 64
65 66
3 36
31 77
21 60
81 84
10 65
19 40
91 99
66 85
7 85
11 71
36 52
77 86
13 40
30 84
60 97
18 51
29 52
55 96
10 28
14 32
90 91
13 20
28 77
0 69
0 72
58 74
0 68
30 54
41 44
22 93
13 22
25 35
3 45
54 82
1 31
88 96
44 99
26 83
41 58
33 76
67 73
6 47
40 80
2 38
50 79
37 42
22 23
17 74
59 80
26 76
12 71
32 43
26 33
15 69
18 53
25 88
14 21
16 46
37 48
1 34
55 63
19 93
9 60
67 69
8 35
45 50
4 36
11 80
27 99
17 64
4 50
38 57
23 53
61 73
28 82
65 86
9 14
18 43
38 39
64 89
50 78
8 49
27 89
52 92
24 57
12 46
38 62
70 83
2 39
29 87
5 48
6 61
14 20
195 186
39 9
94 49
149 136
183 113
176 52
134 231
299 110
21 108
300 214
263 12
76 211
81 170
149 295
292 256
171 183
125 174
87 280
217 242
157 275
288 289
283 226
207 282
248 278
71 125
44 178
194 85
8 230
225 29
88 103
275 107
128 8
268 266
226 102
77 28
45 136
147 104
177 15
51 56
85 71
125 256
37 258
149 17
258 247
23 215
186 139
90 192
123 198
212 54
44 95
215 135
217 211
115 96
212 262
260 86
8 137
115 50
65 90
66 243
106 245
266 182
148 210
29 77
12 39
41 288
286 4
295 49
188 257
202 165
179 235
128 68
51 205
233 195
158 239
67 278
136 36
242 72
203 0
245 176
238 125
88 255
270 160
267 61
154 53
270 131
290 89
226 1
89 145
22 174
3 287
9 17
1 159
130 117
180 279
145 190
40 36
28 154
259 226
100 210
15 194
