100 129 10 10000
7 24
3 83
48 61
59 88
32 60
5 61
14 63
23 94
0 1
38 41
45 65
15 29
30 53
5 33
58 98
21 72
31 39
29 54
17 86
59 77
90 97
9 71
13 19
24 76
44 82
14 57
29 59
6 84
26 51
1 54
26 52
64 66
81 99
14 77
15 32
80 92
32 54
8 55
10 41
31 70
70 75
43 94
2 17
42 93
38 95
60 85
6 42
60 86
70 93
7 86
10 76
38 78
45 71
25 78
33 50
43 89
7 46
67 73
80 83
9 44
40 52
68 98
56 57
47 50
24 36
43 66
28 81
30 90
37 77
6 67
13 18
0 86
29 96
16 44
4 74
8 53
20 87
11 56
54 77
0 63
23 65
76 91
49 75
51 69
34 99
73 81
4 19
18 69
14 37
24 46
17 85
48 91
62 64
58 90
47 55
34 40
36 49
27 79
72 79
2 49
16 22
68 74
45 89
31 93
50 55
35 98
20 35
43 97
29 32
12 80
3 80
11 27
92 99
62 76
22 25
28 67
57 88
2 15
14 33
12 87
14 59
3 12
21 96
39 82
61 63
9 84
23 97
24 95
52 99
221 214
243 210
273 284
180 13
37 96
191 142
0 209
223 267
215 54
51 194
179 243
264 64
186 43
64 138
250 156
297 277
125 225
245 257
28 153
35 123
150 12
295 27
96 231
108 126
199 254
56 275
37 73
250 30
19 41
300 175
190 113
30 263
289 237
213 121
87 22
117 42
177 284
249 181
126 287
56 242
107 66
142 250
11 235
132 135
86 199
89 177
206 283
222 83
191 179
241 296
232 104
19 87
52 59
183 70
283 200
198 88
248 85
261 120
152 61
288 146
269 228
211 158
166 216
216 183
145 200
84 144
165 134
2 22
111 86
10 107
36 285
62 177
294 55
31 0
83 88
53 300
203 230
273 166
103 285
273 36
226 7
40 41
73 227
116 5
23 183
277 254
225 236
153 32
294 108
123 187
140 97
193 201
66 1
1 267
107 158
161 260
295 76
119 106
128 74
55 21
