100 131 10 10000
26 56
44 77
40 61
1 64
23 37
49 89
17 27
69 75
27 30
59 99
9 76
9 73
78 80
55 59
42 57
0 47
5 65
22 91
40 44
45 72
38 42
61 83
10 56
76 85
74 93
31 63
19 23
65 97
70 92
28 92
84 94
90 98
72 89
13 54
28 60
38 87
23 45
84 96
16 27
12 71
5 97
79 81
6 69
40 57
6 75
0 41
6 66
14 86
18 94
25 36
4 11
50 59
6 47
32 91
7 84
39 54
14 93
57 82
32 73
47 62
50 58
30 44
21 99
84 88
45 49
0 67
64 80
74 90
48 62
37 38
18 76
24 52
33 96
13 39
41 55
28 68
54 60
21 97
2 29
8 30
43 47
21 82
13 88
48 94
6 43
4 29
26 85
4 34
19 45
10 18
24 91
51 57
52 53
16 45
38 71
46 86
3 22
34 95
53 63
66 91
25 68
36 95
1 95
20 80
8 15
74 87
79 91
14 31
93 98
11 20
50 81
43 62
33 88
46 53
83 97
35 39
40 51
12 59
2 40
42 77
14 50
17 70
3 6
58 98
50 55
89 92
69 73
15 28
65 67
7 35
1 78
97 183
199 210
167 154
38 210
176 183
101 159
62 224
186 296
262 150
30 260
130 289
202 162
107 49
221 258
32 39
279 168
236 52
288 101
102 279
282 2
243 137
151 94
34 186
247 11
15 147
248 210
8 298
262 76
286 218
147 195
255 107
41 79
14 183
194 253
178 221
279 300
218 234
217 26
154 3
252 296
204 127
82 148
188 41
79 253
227 107
263 40
6 16
90 212
130 223
280 55
61 72
174 94
29 118
4 124
245 242
86 102
75 300
197 79
70 46
95 67
275 268
163 113
112 256
7 93
198 184
130 167
62 182
114 205
274 236
28 230
285 140
135 31
291 24
3 256
77 9
48 243
65 272
220 77
229 203
50 117
243 174
58 98
161 39
165 133
169 285
52 296
27 17
130 6
199 274
300 59
106 12
44 165
299 177
58 22
133 262
198 230
163 251
111 129
84 31
132 76
