100 139 10 10000
50 63
44 47
3 83
92 96
31 95
46 87
36 83
37 97
13 87
69 73
34 74
33 51
20 21
7 72
29 30
57 60
39 63
63 88
9 27
67 76
10 64
56 88
32 84
81 91
56 63
47 77
48 79
14 62
23 87
10 37
30 74
55 97
39 41
34 91
73 75
32 95
36 67
4 45
57 94
61 64
16 80
58 70
7 87
0 77
13 42
30 84
56 96
56 65
24 69
41 50
33 85
42 59
16 59
13 24
9 17
52 58
11 80
10 97
22 42
19 93
31 80
15 83
5 94
14 18
66 67
14 85
62 71
4 40
50 88
21 86
19 95
52 98
12 68
18 51
34 38
3 62
8 86
1 7
0 78
36 76
2 70
35 37
10 42
7 46
1 25
78 93
23 46
14 81
26 53
31 99
53 60
51 85
2 31
41 89
27 68
2 26
58 98
71 91
5 44
6 50
24 43
15 54
28 86
21 82
43 55
20 41
25 73
8 49
34 44
45 72
1 58
54 89
43 90
21 66
46 52
54 92
17 43
13 23
24 40
33 49
9 65
18 48
35 50
16 99
29 84
26 60
20 82
16 42
8 28
6 97
37 61
56 90
62 79
13 22
19 38
26 94
36 51
11 84
12 75
57 122
118 27
69 79
3 288
179 31
14 73
253 180
155 26
164 231
295 75
192 151
108 203
264 14
193 81
61 255
195 297
157 133
276 106
88 261
48 172
210 261
192 231
215 122
155 83
239 83
144 0
24 49
291 32
163 195
60 231
56 198
111 112
85 187
121 242
8 192
241 206
132 296
216 179
20 152
271 249
197 59
249 271
189 130
245 127
6 100
198 39
140 61
29 89
84 294
129 210
260 220
108 258
126 81
69 30
256 294
219 143
300 166
109 3
120 59
149 109
29 18
193 174
27 275
288 230
155 176
284 131
171 282
148 267
289 8
239 51
90 47
13 244
197 9
231 1
26 202
254 34
154 296
55 100
16 123
57 291
118 151
44 244
217 219
104 297
82 217
78 243
186 196
164 57
280 177
222 286
262 144
28 230
291 265
41 141
14 1
90 164
300 284
229 161
96 68
134 128
