100 136 10 10000
0 62
32 81
20 37
11 28
1 34
28 71
55 67
14 32
71 82
49 89
25 38
64 92
7 26
47 59
83 96
40 93
18 71
69 84
36 51
31 34
58 68
78 98
72 95
85 90
27 37
16 85
70 74
46 85
14 98
10 92
33 47
9 36
28 48
53 89
16 94
5 37
65 76
39 43
1 77
27 79
29 34
38 67
2 52
51 93
33 85
45 90
22 87
92 94
41 70
19 61
64 90
52 74
29 54
5 58
34 88
14 49
33 87
24 26
35 60
4 5
21 36
32 49
8 25
13 98
14 17
23 30
19 35
8 15
9 69
9 66
17 86
49 81
62 82
33 90
12 56
38 55
11 20
44 98
29 88
22 85
66 69
73 80
41 43
51 80
75 97
73 91
3 43
12 24
43 63
63 67
74 99
65 78
0 97
2 23
46 90
76 82
59 87
45 64
0 86
73 84
38 72
7 56
20 42
48 89
70 99
15 50
21 40
80 87
30 83
25 95
71 76
12 25
7 40
43 79
13 44
42 53
4 42
75 82
50 54
69 91
1 39
18 57
38 57
14 61
68 89
6 9
39 96
31 59
20 28
1 3
10 74
54 77
6 40
30 96
19 44
14 60
239 188
123 159
108 14
147 147
267 34
219 30
90 276
118 300
107 205
36 231
230 3
217 86
139 259
236 268
261 227
102 234
9 26
222 217
200 152
250 297
245 71
27 266
17 46
113 37
153 283
140 223
178 284
186 54
240 105
67 166
87 53
70 118
264 196
51 56
102 149
289 282
12 241
215 59
164 211
113 107
45 281
155 92
275 57
147 116
211 295
94 29
42 7
66 92
272 125
298 215
60 208
2 223
133 12
285 107
78 198
130 187
124 275
188 185
253 9
35 95
294 255
270 265
245 159
184 136
88 2
216 181
16 199
162 178
288 14
39 193
145 50
225 119
186 242
29 129
172 14
271 155
229 144
93 168
190 208
178 90
6 105
282 173
250 124
111 72
20 155
36 30
246 209
3 67
56 136
290 143
60 23
41 151
152 1
17 285
13 1
162 239
92 83
260 175
211 237
166 58
