100 141 10 10000
43 76
4 52
16 63
10 91
61 95
16 40
66 91
33 79
7 98
58 93
60 86
37 53
48 51
42 74
9 68
74 91
14 76
13 92
87 95
4 35
84 91
14 70
41 73
20 32
2 53
89 99
37 50
7 59
34 46
14 24
3 88
40 94
63 91
47 64
15 46
8 68
63 94
12 90
11 82
4 5
59 88
15 34
48 55
3 83
56 85
19 50
87 98
18 77
66 84
38 85
29 72
10 74
8 25
64 91
7 23
63 64
23 31
16 74
38 92
77 96
52 70
22 46
2 21
2 71
41 65
44 62
12 58
29 33
78 89
18 90
19 85
15 76
62 75
42 45
28 33
49 63
57 81
25 75
34 48
51 79
8 29
5 60
25 68
9 86
56 92
27 38
48 96
29 49
13 32
34 65
37 69
36 98
47 78
40 74
35 71
42 72
8 33
1 41
65 97
36 77
1 93
27 69
19 20
48 79
59 90
39 97
51 60
14 52
78 84
3 31
34 55
39 76
54 98
6 49
11 21
22 39
73 82
5 30
41 43
44 81
26 85
45 94
42 87
0 57
77 79
67 83
9 62
17 43
23 67
6 29
17 24
0 99
0 32
30 48
23 88
26 69
28 42
18 80
59 80
5 14
54 61
193 278
97 16
299 109
36 30
234 120
203 128
115 221
49 76
107 168
169 207
29 290
281 39
128 50
201 190
231 82
180 84
50 251
256 42
95 95
264 258
225 252
298 83
204 45
27 66
246 67
124 188
287 230
264 175
49 154
103 192
173 114
21 45
198 237
85 164
146 74
239 145
59 117
295 180
253 213
211 23
33 224
163 14
17 196
238 18
170 261
59 211
184 62
111 295
140 109
84 222
295 249
150 146
260 121
299 278
20 108
124 81
228 230
173 285
128 28
73 52
182 138
2 91
178 227
80 249
100 278
162 43
54 298
6 71
141 176
272 198
272 96
281 129
56 187
78 3
16 268
145 222
219 62
84 122
224 297
105 137
67 86
148 272
285 8
40 5
82 299
264 232
167 185
28 137
53 51
272 288
87 70
53 275
220 177
107 36
64 236
1 134
118 107
180 26
41 108
223 275
