100 130 10 10000
17 73
0 35
2 13
1 53
57 69
25 51
43 69
62 94
36 66
18 65
19 59
9 30
3 53
13 35
41 81
37 92
6 55
49 73
14 84
32 47
9 96
38 72
65 79
21 38
37 45
1 75
17 69
68 86
6 28
42 77
11 28
55 76
25 43
81 82
16 39
5 89
32 61
31 76
26 45
11 42
5 82
3 67
30 42
11 55
60 87
1 8
29 85
58 78
5 39
75 87
27 63
53 81
43 66
51 72
38 71
64 92
56 70
31 95
23 91
13 84
39 89
41 49
15 99
11 44
4 23
50 88
19 69
7 96
46 93
52 57
29 54
34 86
32 93
74 79
36 40
54 63
40 56
26 92
83 95
2 51
52 91
45 92
33 68
71 85
15 59
12 31
31 61
46 64
8 83
60 92
28 77
54 98
12 58
45 83
21 29
17 79
10 33
5 20
0 48
80 90
60 64
32 78
24 31
73 99
44 62
27 91
60 88
16 57
48 94
0 80
10 24
47 61
50 60
9 67
85 97
42 56
4 57
3 18
14 70
50 75
14 35
22 56
22 66
20 82
34 76
66 74
58 96
90 97
7 42
4 98
200 222
100 27
117 223
124 77
11 253
21 28
275 179
182 119
71 18
159 136
246 283
230 171
248 122
142 240
163 229
12 130
3 171
85 152
106 106
6 150
50 20
106 269
161 168
34 222
290 276
105 205
172 10
45 257
259 165
123 300
177 148
296 161
254 75
225 271
278 249
174 248
133 200
230 16
113 246
2 6
154 195
45 65
199 139
103 184
232 206
202 10
233 56
251 102
217 240
56 102
142 55
76 213
45 185
97 75
67 286
257 196
196 178
22 184
206 114
7 108
169 45
295 52
263 216
21 277
188 57
81 100
133 178
129 109
245 258
60 157
182 210
145 269
73 249
52 132
108 158
124 34
288 202
236 139
204 84
90 126
205 262
73 68
55 40
111 5
147 215
158 297
264 265
151 28
166 68
9 75
170 269
56 214
198 32
265 44
251 238
298 4
176 90
217 292
4 299
32 113
