100 132 10 10000
25 43
74 80
53 86
18 65
34 61
28 95
37 44
43 97
11 68
35 91
11 75
43 81
27 53
88 89
40 76
14 32
1 41
4 84
2 74
7 79
67 86
14 90
30 81
53 67
12 38
50 58
36 37
18 28
12 19
21 66
20 67
31 36
54 83
55 96
47 53
0 32
10 54
17 33
15 77
24 81
41 93
66 73
23 64
4 18
62 66
3 58
11 20
26 85
69 78
75 93
6 16
1 9
51 77
5 24
2 80
56 62
89 97
52 53
47 49
40 44
15 16
57 74
19 94
49 99
87 96
4 65
66 76
27 47
44 59
78 94
9 72
47 73
10 15
34 81
18 95
32 92
63 82
28 79
15 50
45 52
0 88
60 66
29 64
38 51
83 87
25 90
95 98
39 79
9 41
39 86
1 92
30 71
7 99
5 55
59 69
19 38
6 91
29 48
13 97
58 71
11 46
42 65
19 26
13 81
21 45
32 68
57 70
17 56
48 91
31 37
40 62
48 70
49 60
22 35
86 98
26 36
8 52
8 75
46 68
44 63
23 84
11 65
44 85
62 82
28 84
21 72
4 42
33 79
0 22
3 71
2 82
21 61
93 162
42 262
227 116
39 48
148 160
34 102
150 83
243 193
122 244
51 297
112 31
114 207
169 52
27 124
38 223
136 4
135 48
254 161
155 183
202 35
150 213
134 300
91 141
198 156
12 74
5 173
232 28
236 273
194 187
127 131
14 27
277 22
54 180
222 165
11 278
88 107
254 9
254 44
169 19
201 217
294 98
77 267
112 150
6 150
269 68
113 277
88 192
263 275
116 111
246 242
71 2
208 7
146 283
203 291
98 12
56 97
274 205
177 114
61 47
253 98
271 231
28 298
289 188
274 108
162 143
119 172
299 279
158 262
84 213
228 93
151 114
46 2
80 297
270 256
194 126
98 251
295 46
231 7
205 81
214 184
198 101
1 119
266 136
94 57
178 167
238 58
197 258
71 83
55 154
69 129
17 247
96 79
57 230
80 242
202 57
177 223
45 74
33 146
178 251
231 223
