100 134 10 10000
59 66
47 69
66 76
15 63
2 49
25 34
10 92
22 68
1 13
55 66
52 69
29 64
23 86
6 93
59 91
42 74
77 84
34 88
4 18
64 76
42 78
22 96
77 95
36 72
38 90
33 94
20 28
18 29
19 68
14 72
39 51
76 91
45 69
44 52
0 2
3 29
5 40
26 72
41 55
37 48
18 91
8 82
4 60
0 29
54 80
25 72
15 28
12 31
61 80
30 69
25 39
17 90
55 76
6 56
45 99
27 97
9 82
48 50
19 26
15 81
53 82
46 88
36 46
21 32
8 98
41 95
19 57
23 88
43 57
54 61
15 71
12 62
35 48
32 51
33 39
4 91
58 73
61 73
30 99
35 93
57 65
21 87
5 71
11 83
3 83
74 75
51 78
17 38
85 89
66 91
16 19
3 54
87 94
7 93
1 77
44 47
67 89
70 73
11 44
49 75
45 64
89 96
2 79
31 53
84 91
22 37
5 52
62 67
56 98
7 50
8 85
22 43
52 92
14 19
86 97
13 21
31 62
18 60
40 92
24 35
2 65
38 51
2 29
27 48
19 90
16 27
70 83
20 63
58 92
10 52
63 81
9 28
65 79
24 97
150 174
278 155
179 160
177 232
237 187
54 283
8 39
30 51
27 102
21 184
120 281
159 272
96 183
288 110
181 54
3 240
131 29
223 61
231 208
148 67
62 219
299 84
93 93
13 2
81 18
244 44
171 29
113 66
19 207
181 190
260 292
67 191
261 93
277 44
263 13
68 38
198 3
73 103
196 106
264 71
71 266
290 271
249 115
120 122
154 294
198 251
149 6
176 283
66 60
224 149
32 77
240 83
128 300
57 143
145 205
257 264
2 139
151 102
95 252
284 224
214 168
111 218
79 168
31 227
199 227
165 118
264 233
92 142
133 90
218 290
129 249
7 298
216 26
112 238
280 131
244 139
229 240
282 201
213 117
127 154
129 176
30 278
23 133
155 232
258 178
52 89
59 5
296 25
225 0
56 116
176 92
261 213
90 275
31 22
297 63
293 248
94 113
106 9
12 75
236 268
