100 127 10 10000
37 72
18 91
53 60
57 78
5 76
45 80
31 71
61 62
10 72
38 46
28 51
7 82
49 81
32 55
21 70
5 20
44 96
45 52
43 76
73 74
59 84
10 63
15 17
0 67
67 77
7 65
75 96
45 95
27 63
23 28
64 78
2 88
1 60
6 68
39 96
54 60
7 89
16 86
58 81
61 86
37 47
68 78
41 76
4 94
1 91
85 86
5 98
27 56
56 66
5 34
85 88
5 59
26 65
72 83
30 87
7 58
35 69
14 75
16 52
32 45
35 82
31 56
19 20
1 9
22 75
62 97
33 89
19 67
23 29
53 54
11 80
86 93
2 30
57 64
23 40
34 70
42 55
4 35
13 28
6 84
12 92
64 87
14 90
48 68
33 99
10 26
25 90
81 83
48 78
23 87
50 88
57 92
46 94
29 44
36 71
6 64
38 70
20 43
24 98
9 41
3 42
37 66
16 50
52 95
17 51
15 73
73 80
11 22
93 97
8 26
21 24
36 57
43 77
1 75
13 79
12 47
27 32
8 99
8 33
39 79
25 40
11 74
12 49
18 22
0 69
3 62
41 53
241 15
15 71
124 222
238 276
198 118
118 51
125 149
255 118
290 70
41 78
290 269
1 273
215 213
25 195
65 90
37 252
127 279
86 227
0 2
163 14
145 42
161 111
1 95
91 151
139 89
62 113
291 92
262 257
57 200
75 136
136 188
221 239
270 300
256 44
154 67
227 82
146 234
252 178
197 40
16 163
94 120
65 64
244 296
98 29
45 146
68 300
213 67
243 196
207 139
203 182
100 267
110 206
77 282
73 16
21 32
222 297
244 245
163 199
254 138
100 74
35 58
200 298
217 274
266 233
148 166
281 135
266 210
211 0
165 136
219 47
186 72
166 240
286 163
19 262
4 239
27 94
93 55
106 1
182 181
15 219
22 283
239 158
246 93
268 154
116 104
151 264
157 290
111 175
121 251
269 95
91 100
7 51
190 207
171 270
201 88
51 270
10 130
193 279
122 78
267 12
