100 133 10 10000
25 83
5 93
6 85
14 30
12 26
57 70
71 85
17 66
46 94
61 77
2 10
44 95
52 63
28 91
15 35
6 73
71 78
10 68
29 89
7 16
2 23
49 78
15 33
43 56
6 72
51 69
10 58
36 82
64 93
12 86
49 54
69 88
46 92
54 85
36 40
0 17
8 99
19 76
1 13
1 96
5 68
21 52
6 88
32 34
24 59
11 80
22 98
18 98
7 20
61 95
45 75
18 70
79 86
6 53
16 96
17 35
63 84
69 71
2 96
38 98
42 44
1 2
0 54
0 66
18 81
74 77
5 11
4 21
78 94
17 81
53 85
33 49
37 46
25 65
27 92
50 67
15 41
14 97
42 55
83 89
8 62
27 69
48 55
27 29
13 23
37 92
58 96
27 99
57 74
41 60
4 73
64 77
27 39
28 83
3 22
18 31
16 30
10 87
11 38
23 56
57 77
22 70
24 60
34 72
47 75
45 96
14 43
53 54
12 84
52 57
5 44
50 79
31 70
48 82
20 24
17 86
67 90
2 87
3 98
66 67
82 91
4 9
14 65
60 62
39 97
51 72
26 70
19 52
47 80
9 32
16 59
40 76
0 90
39 103
297 100
279 183
82 290
93 133
208 250
99 91
280 61
195 13
107 164
246 235
208 291
34 214
264 125
245 83
13 11
297 75
1 88
23 294
117 190
261 46
77 172
110 274
272 158
246 18
212 98
18 239
190 67
222 146
181 95
277 88
48 295
137 157
46 15
149 138
16 42
199 161
146 25
169 299
211 35
159 158
93 3
206 220
215 121
188 229
282 295
126 31
265 253
204 184
69 25
53 163
142 116
91 191
70 90
44 72
184 207
246 146
94 216
285 237
296 13
232 0
165 249
170 7
70 219
141 283
219 65
8 108
18 143
231 262
146 78
64 268
110 48
122 123
65 115
125 211
280 274
149 191
116 232
91 38
21 171
261 291
2 260
226 188
192 124
52 183
82 71
7 191
229 214
120 94
166 110
59 138
243 169
146 51
167 275
118 12
164 223
300 262
242 57
111 298
178 28
