100 129 10 10000
7 77
31 77
28 71
21 61
53 61
44 99
33 65
21 32
3 69
18 65
31 95
4 59
48 90
57 93
26 83
21 87
64 84
65 78
68 76
76 91
27 94
1 84
20 24
29 60
25 72
31 76
45 46
20 43
82 97
43 98
25 55
26 54
77 91
6 65
54 66
92 98
11 96
24 66
56 92
3 16
86 92
24 35
6 41
39 85
66 80
28 29
29 53
23 24
12 88
9 47
0 55
11 97
68 91
26 85
59 97
35 38
15 96
42 92
87 89
33 45
4 48
42 86
15 42
2 30
4 22
41 93
30 96
18 90
19 22
4 51
17 26
64 88
34 38
2 22
10 31
43 52
0 70
55 70
49 92
5 80
17 23
46 89
50 75
8 36
10 95
18 57
4 97
44 47
0 72
37 60
12 36
16 95
73 99
32 61
5 20
22 39
11 82
9 63
63 96
4 58
7 29
14 56
58 79
13 49
14 52
51 57
40 65
25 66
67 78
8 64
1 83
67 94
13 74
27 37
71 81
81 94
1 73
12 62
43 69
10 52
5 72
57 79
29 75
40 94
6 93
19 62
34 99
50 61
41 74
24 56
226 54
281 145
88 84
293 239
96 26
214 244
57 194
254 67
226 112
75 146
258 172
257 107
152 206
97 177
204 174
56 98
182 37
216 283
279 113
107 60
33 281
299 127
155 20
119 37
22 15
201 3
127 257
109 211
52 214
263 129
42 121
73 293
184 300
165 56
130 73
216 82
96 240
145 54
297 37
164 262
228 206
169 165
117 90
183 125
142 271
85 267
199 142
299 290
149 178
5 194
280 273
109 128
13 250
127 8
13 34
125 170
245 278
269 218
288 164
68 241
11 278
293 93
231 134
272 29
183 251
103 6
167 228
6 112
97 105
6 68
132 191
44 23
190 64
191 207
37 183
11 133
49 161
194 231
256 256
72 11
127 225
256 192
202 43
237 10
276 2
155 121
34 249
282 69
63 269
249 299
4 169
132 149
241 242
149 248
80 119
232 160
280 188
135 104
187 92
