100 130 10 10000
24 45
30 78
4 12
73 83
9 66
55 62
57 63
60 75
31 53
23 62
2 47
22 82
70 85
91 92
32 82
37 64
50 96
32 99
28 56
21 63
8 56
25 93
59 75
19 98
10 75
72 85
61 97
76 97
53 79
84 96
43 46
1 74
1 26
7 99
14 39
21 87
51 80
28 90
30 49
87 95
15 36
2 37
7 54
9 56
12 29
10 50
4 49
38 71
58 63
79 86
0 81
46 98
41 48
8 12
27 81
27 43
68 77
40 70
7 40
53 94
44 74
6 59
34 97
30 56
11 80
19 71
77 83
54 67
31 41
18 35
3 97
55 69
13 42
44 52
62 89
14 74
69 81
3 91
39 89
58 80
19 26
12 45
24 49
16 60
7 67
0 95
17 88
68 83
11 58
36 57
54 85
20 88
47 79
2 91
33 90
31 70
22 61
16 57
34 76
24 33
2 64
75 93
23 65
15 96
18 53
13 65
5 82
20 46
92 97
19 52
26 98
18 44
41 85
15 84
5 76
25 90
42 89
38 68
78 90
6 16
14 37
17 87
29 72
26 46
35 75
48 72
51 73
12 66
14 86
70 94
6 53
106 103
182 48
222 6
235 215
269 57
52 214
267 103
254 278
286 261
138 235
10 194
266 225
126 27
152 99
123 288
71 221
6 89
144 161
75 153
47 94
6 269
227 32
32 6
205 182
170 255
97 121
75 39
190 283
282 197
228 258
205 144
247 63
174 208
293 48
166 169
88 268
158 60
31 113
118 78
232 113
245 156
138 75
82 70
124 140
258 186
84 98
215 101
278 171
204 223
110 256
51 181
117 160
186 133
289 92
76 9
232 291
45 234
21 233
84 184
92 212
242 18
101 9
27 281
157 32
156 8
290 232
280 74
25 136
54 14
234 137
49 133
291 153
5 174
121 119
126 196
270 20
48 156
217 276
175 105
32 207
30 40
253 40
6 153
160 300
266 132
178 82
2 117
41 63
108 48
190 247
206 23
189 7
160 229
209 124
4 8
144 269
264 0
73 120
240 87
