100 131 10 10000
5 78
44 73
5 89
16 89
19 22
47 82
50 76
73 78
3 93
7 14
16 21
1 70
59 66
14 60
48 61
20 47
0 80
51 98
46 56
41 59
36 93
45 77
37 66
2 43
32 89
64 66
17 53
45 55
69 99
1 85
60 98
3 94
19 46
7 50
70 83
27 51
0 32
75 83
11 87
40 78
43 78
71 93
27 84
15 66
60 87
26 91
1 28
74 96
19 39
31 86
3 67
52 97
4 16
77 97
79 86
87 98
29 64
69 90
35 91
30 53
25 75
12 25
28 57
29 45
46 80
34 38
85 95
35 85
25 81
26 49
10 15
21 99
55 77
0 24
5 32
3 87
67 71
19 24
33 54
18 52
30 49
87 94
23 88
12 14
8 77
6 90
31 65
0 2
4 36
18 61
34 58
22 46
27 74
20 23
33 72
13 89
9 44
25 82
48 92
13 32
68 88
50 96
67 98
10 73
6 36
34 94
19 56
17 91
45 92
84 98
65 78
37 42
39 86
11 58
36 49
8 45
63 93
77 90
62 86
54 68
10 42
49 95
41 73
38 63
31 62
9 40
27 76
21 37
57 70
12 81
72 79
216 162
51 67
220 184
116 145
73 204
202 229
53 189
137 7
38 258
284 291
208 257
154 100
187 45
162 185
141 28
182 266
123 196
4 192
3 231
242 114
260 22
121 224
230 135
246 3
260 164
168 1
27 122
92 62
62 23
115 299
9 140
281 194
191 188
288 82
178 100
21 88
72 179
151 223
184 149
285 143
287 248
188 294
185 244
227 213
253 269
57 281
204 103
216 44
26 281
33 150
108 12
109 73
23 209
13 168
268 60
96 266
226 85
33 19
175 68
145 293
139 53
5 287
273 216
143 150
130 261
251 218
154 259
93 127
294 59
108 242
13 51
88 152
250 73
231 289
70 52
49 5
118 41
61 253
238 246
288 111
200 126
196 6
226 1
13 6
70 79
58 104
295 219
129 106
295 26
167 206
66 223
4 118
41 296
118 172
143 121
72 130
82 30
46 236
112 93
135 240
