100 130 10 10000
15 47
12 99
32 44
38 70
31 80
10 60
39 57
10 29
0 31
86 93
49 83
9 30
15 20
0 46
54 88
78 94
44 81
70 78
1 56
36 39
22 78
34 73
43 75
5 12
60 69
24 29
46 88
16 85
26 75
28 76
53 90
21 44
72 92
57 72
54 90
28 47
93 96
18 91
11 96
38 64
3 95
3 72
4 15
12 16
37 70
3 67
23 81
20 66
24 27
25 48
34 48
35 59
42 74
35 46
10 20
4 77
26 41
2 77
50 85
11 81
33 74
50 99
7 14
30 43
8 70
17 23
65 79
45 52
2 87
41 86
25 66
77 91
25 55
16 62
45 93
6 49
2 6
69 89
19 55
68 77
40 79
17 44
87 98
14 71
0 35
22 79
19 42
70 97
8 64
2 13
49 61
36 83
53 58
71 99
5 32
46 80
7 97
59 67
18 81
61 67
7 44
27 39
67 95
20 89
45 51
19 92
33 45
51 82
84 98
58 79
24 36
21 99
37 94
9 43
28 43
5 52
38 84
52 82
30 63
67 90
0 13
8 78
15 68
30 73
47 63
56 80
50 62
1 65
40 56
47 76
189 55
241 25
144 103
44 2
114 148
226 251
126 69
261 180
278 75
46 258
30 118
175 206
261 240
167 78
291 189
81 132
241 277
192 161
152 178
1 290
57 134
254 212
298 50
172 157
49 80
38 175
123 234
27 88
91 205
76 106
49 227
187 93
209 202
92 285
10 240
168 51
64 49
274 150
240 86
23 61
234 56
134 216
20 267
73 267
224 170
136 291
197 35
96 172
7 210
101 83
291 253
180 299
185 265
228 7
151 26
2 190
222 35
20 41
290 31
144 48
10 147
101 62
291 277
58 196
254 68
270 25
62 166
110 16
115 117
7 168
266 120
299 215
16 9
28 227
50 279
106 258
112 198
134 149
293 110
263 45
209 66
201 180
200 289
75 66
209 137
271 272
142 244
163 122
190 8
30 151
151 3
121 177
0 88
167 247
292 131
47 31
191 240
255 137
182 138
282 231
