100 136 10 10000
6 19
58 88
7 78
14 51
21 75
31 74
36 43
3 22
40 45
33 46
65 88
70 75
47 50
39 61
18 58
7 62
59 63
67 89
30 69
7 76
27 68
1 6
65 80
10 86
7 41
48 93
5 66
59 73
53 54
59 95
5 42
9 15
18 91
23 47
47 51
57 94
57 83
21 72
87 89
24 69
83 94
15 43
4 78
23 67
20 76
29 33
34 47
26 43
42 48
13 23
8 44
29 83
15 36
16 66
5 32
73 86
9 54
13 89
7 70
38 57
6 27
20 26
32 42
60 90
30 55
52 80
63 95
79 82
11 49
84 86
17 60
41 70
11 64
64 77
10 12
73 95
43 44
70 79
38 90
11 27
17 37
28 33
16 61
35 71
86 95
24 55
9 31
8 97
74 82
29 59
25 37
19 27
69 81
26 56
10 84
14 42
3 25
4 41
68 97
62 70
23 98
3 39
12 92
31 96
67 88
45 93
22 61
56 80
1 93
41 78
20 91
52 58
82 96
2 97
49 57
36 53
24 72
2 23
67 87
61 85
34 51
39 40
35 38
46 85
0 48
23 50
6 71
67 99
69 92
88 99
17 28
0 16
89 98
55 69
68 77
12 81
63 277
95 184
76 124
130 238
299 127
20 265
120 159
284 23
105 86
218 38
276 234
160 124
269 212
38 124
43 214
181 10
88 285
173 221
23 57
95 136
53 0
236 98
158 266
60 143
234 118
157 238
120 16
125 130
202 246
244 240
296 153
182 64
5 242
220 272
0 175
150 186
161 11
152 218
173 172
121 285
100 268
294 75
42 260
158 34
124 64
100 245
186 260
37 173
60 242
164 150
64 171
41 193
55 20
221 2
244 18
270 126
99 48
203 139
45 49
245 279
201 225
150 297
263 35
236 297
178 112
85 64
11 285
51 108
137 95
263 157
273 55
124 213
274 103
271 266
207 62
247 76
260 1
164 89
298 5
236 59
63 39
295 175
218 86
230 195
297 222
192 291
294 269
18 82
52 74
7 108
200 204
24 6
251 188
84 225
198 176
285 288
195 84
115 106
27 149
78 89
