100 135 10 10000
6 45
28 32
24 81
40 56
46 99
7 10
50 74
17 77
10 61
18 91
0 6
40 53
3 61
88 97
16 87
12 14
18 24
18 28
74 85
18 53
24 91
37 56
4 95
16 98
18 32
4 64
13 77
7 14
3 19
1 21
23 69
30 84
9 37
15 67
47 58
2 68
0 93
10 17
24 28
45 96
59 83
32 83
13 49
45 99
82 86
1 89
11 64
29 85
12 28
33 55
10 14
6 43
52 86
40 70
35 40
16 75
54 79
37 53
89 90
43 57
11 22
24 54
47 93
72 92
4 78
26 28
39 57
76 80
68 93
13 34
16 33
31 87
67 69
24 38
11 72
3 76
64 84
36 40
8 73
39 43
27 50
47 98
27 34
53 91
57 93
20 94
51 55
15 23
41 55
23 66
70 91
75 77
22 65
34 89
42 94
5 50
38 51
21 48
61 65
5 67
52 95
31 75
20 60
36 56
53 56
44 96
75 90
79 99
22 26
50 88
63 81
71 77
25 60
55 81
78 92
33 62
30 59
44 47
19 80
24 63
58 98
38 55
29 48
16 73
8 93
10 62
49 71
35 46
42 66
41 96
2 73
19 97
5 25
42 78
9 82
273 41
257 200
270 166
153 223
9 200
130 291
249 19
170 116
291 115
52 63
172 159
90 168
123 129
208 224
140 145
57 288
224 134
172 184
96 74
153 251
96 228
276 222
123 164
28 274
133 63
136 266
83 135
213 271
109 99
272 260
47 130
199 163
62 103
206 87
227 240
123 11
30 22
74 63
161 56
270 17
70 4
222 70
14 252
216 2
267 67
219 30
166 5
285 86
251 266
182 232
243 299
185 46
8 225
91 38
149 31
197 65
51 36
293 7
263 104
19 109
90 250
138 182
193 120
131 98
41 158
106 188
19 297
97 278
296 165
63 264
98 12
176 212
62 190
254 138
281 291
227 155
117 209
205 187
30 215
169 28
127 237
164 90
16 50
24 89
5 131
294 234
3 85
204 141
158 290
233 199
242 178
115 46
74 208
296 60
67 236
7 158
240 53
195 249
250 86
189 25
