100 131 10 10000
8 79
23 98
4 10
2 66
88 96
5 41
21 38
22 32
41 61
9 64
3 45
66 96
10 54
7 70
13 95
25 84
40 87
44 53
48 87
40 48
47 88
66 85
41 50
12 31
26 90
20 42
13 29
24 75
61 65
68 78
20 77
63 82
10 35
26 49
59 96
48 53
19 96
17 82
29 95
14 94
6 53
26 42
87 92
19 88
11 94
26 89
34 43
33 94
33 76
12 52
38 69
85 89
4 35
67 92
1 42
20 78
82 86
2 41
37 76
75 97
46 75
92 97
13 62
55 80
35 64
11 49
24 97
4 82
45 59
33 38
3 81
30 40
5 10
28 70
34 79
1 58
18 21
15 60
16 33
6 83
36 94
60 74
14 31
73 98
39 70
48 78
44 58
68 77
28 56
77 99
71 72
18 77
54 86
13 57
71 83
46 97
5 15
17 25
45 96
8 84
5 52
28 51
57 70
7 56
22 95
37 69
11 91
33 36
73 84
9 25
24 72
51 65
7 81
27 74
30 55
43 65
16 23
13 73
28 39
25 63
32 95
0 99
42 91
0 80
32 47
62 95
67 87
27 33
5 50
90 93
49 93
11 212
69 221
185 208
232 242
238 69
173 113
113 279
246 191
278 74
203 16
206 92
50 127
130 112
297 192
106 78
176 83
100 11
236 21
24 143
164 255
54 187
10 116
267 290
144 8
169 284
271 9
128 162
107 40
223 165
296 277
22 265
138 66
252 274
66 65
283 152
195 44
43 108
32 17
5 87
263 137
44 271
187 158
88 177
267 116
99 237
209 221
233 298
223 270
66 259
73 150
165 147
220 128
155 92
87 259
252 87
11 282
219 187
268 190
100 217
209 243
167 33
203 113
278 231
260 38
181 7
239 113
169 194
53 297
30 200
10 16
254 168
119 231
141 258
299 39
143 31
205 290
28 44
13 171
45 219
288 106
3 248
239 223
229 42
111 255
279 28
139 188
257 60
71 287
197 267
158 175
133 135
54 165
96 291
103 108
76 111
284 253
184 235
145 300
291 1
4 145
