100 134 10 10000
22 36
55 61
46 74
68 82
2 63
38 65
24 97
14 72
32 94
66 67
16 75
45 99
27 66
2 87
59 86
4 8
50 78
13 35
27 40
55 82
43 80
26 70
47 70
24 74
42 99
46 92
43 58
53 65
16 57
29 66
50 88
61 65
3 92
75 80
51 77
11 69
28 48
42 76
1 86
83 91
11 68
55 83
57 88
0 85
50 92
52 58
41 43
25 27
8 49
29 56
46 72
5 27
44 76
88 92
5 25
39 44
59 95
26 29
37 75
32 64
34 68
18 49
20 93
74 98
28 91
45 52
16 54
59 99
10 13
21 96
37 39
72 96
40 67
24 62
31 73
36 85
1 52
68 95
1 35
50 57
19 89
4 7
82 90
31 33
7 15
2 12
64 66
6 97
50 87
5 60
3 78
84 96
17 75
42 92
73 81
71 79
14 21
20 22
48 69
64 67
8 18
47 60
36 87
36 47
84 98
6 32
41 80
62 97
54 63
77 81
3 26
11 34
14 99
18 94
23 71
38 91
10 68
51 53
3 56
28 55
30 58
15 67
48 91
0 9
52 86
23 33
19 68
1 30
5 93
12 87
18 79
9 17
42 46
89 90
6 35
285 78
57 34
116 129
41 243
16 132
82 196
5 262
46 270
2 7
275 157
263 208
94 44
296 190
175 136
26 219
126 32
49 5
76 248
204 190
44 86
204 161
16 68
157 243
131 195
36 141
80 123
3 170
264 275
84 146
258 49
187 235
53 201
169 223
277 182
293 141
52 63
144 20
29 297
175 36
6 213
272 6
172 109
209 17
169 64
211 93
138 133
66 92
295 259
73 283
119 84
112 279
242 71
94 290
97 18
241 276
103 160
114 56
216 50
221 141
32 108
191 276
100 181
76 17
63 182
182 295
38 164
34 193
238 174
280 230
59 129
132 247
157 148
171 263
149 179
121 3
191 73
136 278
98 103
128 222
187 2
158 287
247 225
226 291
184 186
23 48
249 118
73 62
142 62
191 215
221 235
255 299
123 106
2 90
82 219
268 134
178 158
105 209
158 206
206 117
