100 133 10 10000
13 62
56 88
3 23
63 92
60 85
35 58
19 94
84 87
4 42
12 96
54 73
9 82
41 84
48 88
38 99
73 74
20 51
25 33
12 75
15 16
49 87
69 72
29 47
13 64
26 59
24 99
23 99
15 74
18 51
33 46
63 91
61 62
35 67
1 15
15 77
25 63
71 94
44 69
32 72
38 55
57 89
34 43
1 37
35 48
53 96
42 48
58 76
13 55
47 86
22 47
26 50
8 15
19 71
12 91
5 54
95 97
17 70
7 76
30 94
66 67
65 77
7 66
21 69
14 66
30 97
55 61
43 59
68 81
50 67
0 19
7 67
57 95
6 81
58 67
44 60
27 92
28 40
20 27
14 18
11 85
52 89
34 59
78 99
33 80
13 40
25 78
2 31
7 29
2 80
22 49
10 49
24 55
39 63
6 30
2 9
16 21
17 52
23 93
36 75
34 88
0 94
79 84
50 83
93 99
20 98
45 54
3 46
31 44
20 28
82 98
21 68
2 36
48 56
70 79
10 22
5 37
73 89
2 32
34 56
16 90
59 83
11 65
2 53
51 86
92 96
39 92
45 95
55 64
8 90
2 19
82 96
21 81
4 41
250 20
142 54
293 151
272 295
35 8
156 20
238 45
49 156
186 92
257 132
99 80
167 111
244 206
145 238
118 198
160 88
184 72
77 68
122 173
286 41
150 183
207 41
107 104
241 296
154 293
235 276
57 233
189 195
164 224
18 140
234 5
283 120
283 91
269 271
50 277
31 234
278 184
169 46
183 280
196 216
144 214
21 23
3 37
78 294
267 104
121 14
293 291
60 133
4 270
42 103
83 217
129 148
63 37
243 156
122 40
150 268
30 255
73 14
31 198
81 266
213 121
114 296
125 261
221 236
168 248
172 142
76 160
61 204
189 32
229 76
32 82
293 3
263 44
94 55
125 73
287 210
21 170
139 125
210 268
45 51
293 253
206 14
218 146
125 231
13 56
191 124
106 160
20 108
24 276
101 28
206 83
257 240
220 213
216 288
261 2
100 3
226 188
172 3
176 178
197 297
