100 130 10 10000
0 70
11 68
22 37
11 62
62 84
20 80
20 67
63 72
44 78
1 73
54 99
3 52
18 82
23 50
40 66
0 99
21 88
72 81
38 52
20 83
28 45
19 47
43 84
11 20
59 76
38 95
65 68
69 77
70 93
12 68
24 74
22 62
77 97
5 45
0 48
15 36
1 58
51 98
73 91
57 90
8 63
7 65
65 91
19 32
60 63
4 79
10 79
0 76
21 23
14 85
35 46
10 54
6 30
16 17
29 87
18 48
41 96
12 86
87 94
90 91
32 53
67 68
51 58
42 92
31 92
29 42
8 68
22 44
8 86
24 25
30 70
1 12
22 89
13 46
44 64
9 34
36 69
82 96
5 97
13 80
15 69
27 88
56 58
37 43
35 80
62 75
55 89
49 95
16 37
55 64
26 41
71 85
4 19
41 94
26 59
33 71
53 99
2 41
35 68
39 66
83 84
57 88
25 32
79 90
34 82
7 11
27 78
42 98
14 36
2 9
49 74
56 60
45 61
0 93
39 72
10 47
8 35
33 55
3 6
4 95
38 61
50 77
7 75
56 86
66 81
18 91
28 95
4 21
31 58
17 40
27 182
102 44
22 90
102 294
138 215
198 272
18 299
161 126
170 65
55 91
93 188
191 128
139 72
226 58
293 255
258 289
290 22
255 67
57 132
94 243
228 112
184 211
258 153
203 200
79 288
54 274
3 169
150 151
188 241
18 52
6 262
67 22
66 246
249 196
77 72
193 87
288 292
296 144
128 275
271 3
261 37
9 113
36 40
276 99
234 180
175 258
200 54
88 222
63 169
120 254
227 245
38 3
123 299
22 242
63 199
290 197
132 1
131 177
115 15
24 146
158 17
178 279
232 158
193 24
267 184
126 92
235 28
201 108
165 97
233 299
14 221
250 222
183 0
103 83
96 263
190 150
42 161
219 276
188 176
115 190
213 79
212 14
67 114
256 92
261 124
250 267
134 32
27 70
148 193
285 171
116 161
107 132
55 65
4 200
3 69
142 254
39 120
198 293
15 24
43 222
