100 130 10 10000
24 45
2 3
11 48
47 80
15 31
29 81
24 95
52 68
53 57
15 94
10 96
51 82
36 56
5 41
24 69
16 35
7 58
44 70
28 90
28 94
36 67
69 93
14 16
54 92
26 36
84 89
13 70
12 29
38 74
30 60
1 71
85 90
34 35
15 22
26 63
88 89
7 43
50 55
20 55
38 86
5 99
64 75
33 99
38 56
8 95
19 90
39 87
15 66
9 49
71 81
1 43
0 55
38 50
15 97
13 63
28 34
17 75
28 49
61 67
25 31
40 65
25 39
4 29
44 54
64 92
63 70
32 57
21 62
68 83
33 74
45 69
42 66
41 76
23 62
56 63
2 40
4 76
1 66
49 90
59 66
59 93
10 33
17 79
51 78
6 23
63 83
21 54
17 91
27 79
30 52
32 60
71 80
53 96
15 39
0 42
29 78
56 86
11 18
39 66
53 56
46 74
42 87
3 51
6 14
26 98
27 92
93 97
25 34
72 85
72 77
60 61
26 56
67 98
8 77
58 69
9 85
20 47
46 65
37 91
12 88
0 18
37 73
16 19
62 92
54 73
11 63
77 84
65 82
22 66
34 48
131 164
227 171
202 208
226 212
260 242
248 273
2 26
255 92
273 39
190 16
108 287
106 132
291 218
58 160
84 1
160 81
85 48
5 138
110 182
110 10
165 193
61 88
203 95
57 29
230 21
124 92
63 208
13 72
128 32
261 194
16 272
135 72
44 297
150 298
117 53
77 68
65 245
42 143
110 245
132 116
196 261
262 292
159 160
246 158
75 110
225 44
155 262
170 221
93 91
155 9
131 238
222 252
14 295
92 256
46 104
145 212
90 215
67 266
278 74
229 107
30 249
20 211
52 61
72 178
30 37
196 296
200 142
41 221
10 178
255 50
78 133
205 170
299 5
22 126
126 276
0 47
285 279
295 63
238 229
14 94
186 188
227 192
216 275
41 178
296 120
211 9
125 210
130 141
293 184
280 158
135 5
24 155
32 60
227 69
168 26
278 13
87 297
187 57
39 198
242 300
