100 132 10 10000
42 54
58 88
7 17
28 37
50 67
1 85
14 99
21 73
61 76
9 28
66 84
11 52
0 76
52 99
58 61
49 57
28 94
65 86
17 64
8 44
10 25
23 42
8 85
23 51
49 86
76 88
9 37
3 28
3 4
17 29
54 69
31 82
2 72
16 52
12 63
14 46
26 40
30 80
39 98
40 78
12 93
24 45
16 40
19 50
59 92
26 98
18 90
62 78
69 86
18 48
55 77
66 86
20 31
33 47
83 97
4 13
27 77
1 94
29 36
76 80
1 41
0 23
32 45
61 73
74 75
43 81
12 84
70 82
4 60
5 63
12 66
79 81
29 56
41 96
74 91
13 72
39 93
21 71
83 87
34 60
70 97
53 74
53 75
22 30
22 41
45 86
5 27
33 67
60 72
11 78
40 57
37 72
35 75
19 46
4 95
28 95
89 92
75 81
38 92
6 41
30 76
47 68
58 76
51 91
26 57
6 28
48 59
7 56
4 47
1 32
10 65
5 48
15 37
59 89
79 90
2 15
28 64
20 64
40 62
23 35
58 71
25 40
7 31
29 96
36 87
0 24
34 68
11 44
59 81
21 96
43 92
38 55
83 121
135 177
269 257
162 235
193 246
179 31
106 213
55 253
163 156
120 275
185 122
233 151
213 12
188 281
288 168
276 285
279 148
64 226
23 0
285 213
83 273
13 186
114 161
67 82
117 120
226 93
263 42
143 19
142 258
38 219
92 158
65 296
156 134
228 180
266 230
54 49
18 225
153 296
109 66
282 30
262 102
114 186
83 60
86 39
187 166
157 105
298 111
182 221
193 0
202 87
264 206
35 93
267 179
4 67
113 91
150 60
29 254
239 53
44 123
93 5
227 253
43 156
237 111
198 40
90 252
184 100
220 42
241 196
228 230
139 81
129 300
13 113
246 280
17 141
40 70
33 48
71 138
158 37
252 138
40 13
100 133
62 27
97 293
12 273
233 24
176 201
184 66
2 249
53 105
119 9
4 39
8 91
113 29
263 3
137 204
178 263
62 168
29 296
297 87
284 192
