100 127 10 10000
46 85
51 97
9 87
75 86
23 95
33 36
60 97
36 88
7 28
84 95
25 33
35 71
31 95
31 76
45 82
21 26
26 59
20 45
27 49
66 87
41 97
23 66
89 95
23 89
62 91
48 99
17 21
9 92
9 52
21 30
91 94
5 6
15 19
16 40
26 30
31 93
12 24
67 95
34 79
37 60
11 56
6 57
7 54
4 47
8 77
43 53
32 47
71 73
68 69
37 55
43 77
34 42
53 88
35 83
48 55
23 39
48 90
52 87
10 87
4 39
25 92
18 38
18 62
29 54
69 80
44 70
20 82
27 45
48 71
5 78
28 85
22 71
19 75
72 86
64 69
20 65
56 72
38 80
31 46
4 32
44 91
6 18
7 33
30 59
23 58
2 67
29 88
32 63
12 68
50 64
45 70
74 99
22 24
2 95
13 24
57 78
1 4
50 98
14 18
3 82
11 81
12 40
28 29
51 67
62 94
61 81
78 94
3 49
71 90
4 96
15 65
23 42
86 96
0 41
41 84
76 83
0 97
30 53
13 26
63 79
10 58
16 98
14 74
8 93
1 61
17 24
35 73
166 152
98 142
122 181
112 0
47 120
176 40
194 17
130 287
197 241
32 284
58 280
65 80
300 122
298 186
245 78
48 26
283 89
274 191
202 50
21 26
75 7
263 239
232 201
88 210
267 172
90 247
286 221
131 59
165 283
193 276
276 257
148 229
25 167
104 298
5 202
180 198
243 295
222 128
237 8
74 176
280 115
137 164
60 197
235 252
121 109
88 58
165 260
10 136
237 162
130 18
281 52
118 149
18 250
267 278
206 295
200 145
39 84
162 11
69 241
298 292
184 111
65 110
180 91
2 157
272 28
43 6
55 223
100 183
289 8
267 0
104 92
213 190
54 52
184 170
253 98
6 46
153 207
199 215
146 44
6 177
250 33
89 114
101 23
158 184
133 198
139 269
26 64
39 245
228 280
108 233
204 167
141 91
83 295
178 218
150 73
109 209
4 82
154 121
265 73
245 137
